,open,high,low,close,volume,datetime
0,25.16,25.16,25.07,25.07,3100,2010-04-07 05:00:00
1,25.02,25.04,24.85,24.99,1052,2010-04-08 05:00:00
2,24.9499,24.9499,24.92,24.92,750,2010-04-09 05:00:00
3,25.04,25.04,25.04,25.04,1000,2010-04-12 05:00:00
4,25.0,25.0,25.0,25.0,250,2010-04-13 05:00:00
5,25.53,25.59,25.53,25.59,1400,2010-04-15 05:00:00
6,25.61,25.61,25.61,25.61,1600,2010-04-16 05:00:00
7,25.6772,25.6772,25.55,25.61,1250,2010-04-19 05:00:00
8,25.65,25.85,25.55,25.85,4200,2010-04-20 05:00:00
9,25.83,25.84,25.53,25.68,1500,2010-04-21 05:00:00
10,30.84,30.84,25.28,25.58,7550,2010-04-22 05:00:00
11,25.55,25.78,25.49,25.78,800,2010-04-23 05:00:00
12,25.75,25.8,25.47,25.48,1300,2010-04-26 05:00:00
13,25.31,25.67,25.18,25.22,31600,2010-04-27 05:00:00
14,25.22,25.39,25.21,25.28,442547,2010-04-28 05:00:00
15,25.4,25.99,25.4,25.99,444400,2010-04-29 05:00:00
16,25.9766,25.9766,25.32,25.26,7002,2010-04-30 05:00:00
17,25.34,25.69,25.29,25.69,55807,2010-05-03 05:00:00
18,25.5,25.5,25.08,25.18,29365,2010-05-04 05:00:00
19,25.11,25.27,24.95,25.12,8694,2010-05-05 05:00:00
20,25.07,25.23,23.39,24.38,26462,2010-05-06 05:00:00
21,24.35,24.35,23.55,23.68,17912,2010-05-07 05:00:00
22,24.2,24.65,24.2,24.52,33851,2010-05-10 05:00:00
23,24.5572,24.9748,24.5572,24.79,9784,2010-05-11 05:00:00
24,24.85,25.44,24.83,25.43,7728,2010-05-12 05:00:00
25,25.36,25.36,25.1885,25.28,2904,2010-05-13 05:00:00
26,25.09,25.1,24.62,24.87,18818,2010-05-14 05:00:00
27,24.95,25.2,24.54,25.13,6991,2010-05-17 05:00:00
28,25.34,25.35,24.88,24.86,15569,2010-05-18 05:00:00
29,24.81,24.97,24.57,24.7,7125,2010-05-19 05:00:00
30,24.39,24.39,23.67,23.67,12884,2010-05-20 05:00:00
31,23.45,23.79,23.29,23.64,4819,2010-05-21 05:00:00
32,23.72,23.91,23.72,23.74,6512,2010-05-24 05:00:00
33,23.07,23.5401,23.07,23.55,3133,2010-05-25 05:00:00
34,23.63,24.12,23.6,23.65,2267,2010-05-26 05:00:00
35,23.94,24.27,23.91,24.26,2634,2010-05-27 05:00:00
36,24.19,24.35,24.06,24.12,4957,2010-05-28 05:00:00
37,23.86,24.14,23.65,23.67,4470,2010-06-01 05:00:00
38,23.74,24.3,23.61,24.3,11222,2010-06-02 05:00:00
39,24.31,24.72,24.3,24.65,3025,2010-06-03 05:00:00
40,24.3,24.35,23.73,23.77,2214,2010-06-04 05:00:00
41,23.83,23.88,23.33,23.35,8139,2010-06-07 05:00:00
42,23.08,23.1146,22.93,23.03,2868,2010-06-08 05:00:00
43,23.0001,23.2667,23.0,23.0,2254,2010-06-09 05:00:00
44,23.27,23.54,23.24,23.54,1119,2010-06-10 05:00:00
45,23.34,23.79,23.32,23.79,1392,2010-06-11 05:00:00
46,24.149,24.17,23.93,23.89,1736,2010-06-14 05:00:00
47,23.95,24.27,23.92,24.23,5935,2010-06-15 05:00:00
48,24.01,24.22,24.01,24.11,817,2010-06-16 05:00:00
49,24.18,24.23,23.97,24.15,3534,2010-06-17 05:00:00
50,24.21,24.25,23.99,24.03,4913,2010-06-18 05:00:00
51,24.24,24.38,23.87,23.97,6354,2010-06-21 05:00:00
52,24.09,24.24,23.8328,23.7,3214,2010-06-22 05:00:00
53,23.67,23.8,23.47,23.65,1590,2010-06-23 05:00:00
54,23.51,23.64,23.42,23.45,584,2010-06-24 05:00:00
55,23.52,23.83,23.5,23.83,4895,2010-06-25 05:00:00
56,23.83,23.99,23.83,23.84,2500,2010-06-28 05:00:00
57,23.54,23.55,23.14,23.25,927,2010-06-29 05:00:00
58,23.26,23.48,23.03,23.07,5693,2010-06-30 05:00:00
59,22.96,22.96,22.15,22.56,1573,2010-07-01 05:00:00
60,22.63,22.69,22.4,22.55,973,2010-07-02 05:00:00
61,22.73,22.91,22.33,22.42,479,2010-07-06 05:00:00
62,22.48,22.84,22.37,22.83,5609,2010-07-07 05:00:00
63,23.01,23.0101,22.9534,23.09,2335,2010-07-08 05:00:00
64,23.02,23.19,23.02,23.22,1600,2010-07-09 05:00:00
65,23.17,23.26,22.93,23.0,33930,2010-07-12 05:00:00
66,23.09,23.41,23.09,23.45,11379,2010-07-13 05:00:00
67,23.32,23.54,23.32,23.46,2058,2010-07-14 05:00:00
68,23.5059,23.506,23.26,23.41,1104,2010-07-15 05:00:00
69,23.31,23.33,22.7,22.71,3163,2010-07-16 05:00:00
70,22.75,22.78,22.41,22.66,5268,2010-07-19 05:00:00
71,22.4501,22.93,22.45,22.88,2379,2010-07-20 05:00:00
72,22.98,23.03,22.37,22.38,996,2010-07-21 05:00:00
73,22.8401,22.8401,22.65,22.77,2211,2010-07-22 05:00:00
74,22.79,23.06,22.79,23.11,1057,2010-07-23 05:00:00
75,23.15,23.55,23.12,23.55,1142,2010-07-26 05:00:00
76,23.66,23.79,23.39,23.48,2196,2010-07-27 05:00:00
77,23.43,23.55,22.99,23.04,1439,2010-07-28 05:00:00
78,23.19,23.3,22.85,23.15,2860,2010-07-29 05:00:00
79,22.88,23.46,22.87,23.35,450,2010-07-30 05:00:00
80,23.5871,23.71,23.5871,23.64,662,2010-08-02 05:00:00
81,23.56,23.8,23.4,23.52,1092,2010-08-03 05:00:00
82,23.6,23.86,23.6,23.84,1304,2010-08-04 05:00:00
83,23.72,23.84,23.63,23.65,1892,2010-08-05 05:00:00
84,23.44,23.6,23.15,23.58,1823,2010-08-06 05:00:00
85,23.7672,23.79,23.73,23.81,1571,2010-08-09 05:00:00
86,23.62,23.62,23.5104,23.5,1041,2010-08-10 05:00:00
87,23.22,23.23,22.75,22.78,657151,2010-08-11 05:00:00
88,22.53,23.0,22.53,22.91,23270,2010-08-12 05:00:00
89,22.7432,22.84,22.66,22.67,15383,2010-08-13 05:00:00
90,22.6,22.96,22.48,22.89,6349,2010-08-16 05:00:00
91,23.09,23.39,23.02,23.25,1780,2010-08-17 05:00:00
92,23.23,23.44,23.0,23.27,10469,2010-08-18 05:00:00
93,23.16,23.18,22.64,22.75,1033,2010-08-19 05:00:00
94,22.7,22.81,22.44,22.78,3206,2010-08-20 05:00:00
95,22.88,23.02,22.53,22.54,4686,2010-08-23 05:00:00
96,22.31,22.45,22.09,22.29,1930,2010-08-24 05:00:00
97,22.18,22.72,22.15,22.68,7211,2010-08-25 05:00:00
98,22.73,22.8,22.39,22.42,12388,2010-08-26 05:00:00
99,22.59,22.96,22.26,22.95,4198,2010-08-27 05:00:00
100,22.84,22.84,22.54,22.46,2557,2010-08-30 05:00:00
101,22.4,22.54,22.24,22.36,8837,2010-08-31 05:00:00
102,22.9184,23.0,22.88,23.06,31697,2010-09-01 05:00:00
103,23.63,24.69,22.89,23.27,9905,2010-09-02 05:00:00
104,23.46,23.65,23.41,23.63,6938,2010-09-03 05:00:00
105,23.3788,23.46,23.22,23.26,1644,2010-09-07 05:00:00
106,23.32,23.57,23.32,23.44,5989,2010-09-08 05:00:00
107,23.64,23.68,23.39,23.55,8318,2010-09-09 05:00:00
108,23.6,23.68,23.5,23.62,3942,2010-09-10 05:00:00
109,23.71,24.07,23.71,24.07,1225,2010-09-13 05:00:00
110,23.98,24.03,23.89,23.94,10593,2010-09-14 05:00:00
111,23.98,24.35,23.92,24.3,1353,2010-09-15 05:00:00
112,24.23,24.28,24.04,24.2,2086,2010-09-16 05:00:00
113,24.33,24.41,24.04,24.32,13101,2010-09-17 05:00:00
114,24.36,24.91,24.26,24.89,9460,2010-09-20 05:00:00
115,24.84,25.04,24.79,24.8,8870,2010-09-21 05:00:00
116,24.5,24.7505,24.4356,24.65,1187,2010-09-22 05:00:00
117,24.51,24.8,24.4,24.43,3292,2010-09-23 05:00:00
118,24.69,24.97,24.66,24.97,3850,2010-09-24 05:00:00
119,24.98,25.01,24.8,24.95,1466,2010-09-27 05:00:00
120,24.96,25.16,24.66,25.15,8536,2010-09-28 05:00:00
121,25.14,25.24,25.06,25.22,9413,2010-09-29 05:00:00
122,25.41,25.41,24.9709,25.17,7774,2010-09-30 05:00:00
123,25.238,25.238,24.9034,25.08,984,2010-10-01 05:00:00
124,24.97,25.08,24.7,24.75,2385,2010-10-04 05:00:00
125,24.94,25.39,24.91,25.37,2793,2010-10-05 05:00:00
126,25.32,25.39,25.19,25.28,247135,2010-10-06 05:00:00
127,25.37,25.4,25.17,25.26,25184,2010-10-07 05:00:00
128,25.27,25.64,25.24,25.56,2827,2010-10-08 05:00:00
129,25.66,25.7,25.54,25.51,3895,2010-10-11 05:00:00
130,25.43,25.64,25.31,25.59,10249,2010-10-12 05:00:00
131,25.7,26.04,25.63,25.95,5040,2010-10-13 05:00:00
132,25.86,26.09,25.86,26.0,5721,2010-10-14 05:00:00
133,26.14,26.19,25.87,25.97,3865,2010-10-15 05:00:00
134,26.0899,26.15,26.06,26.22,6145,2010-10-18 05:00:00
135,25.89,26.0,25.54,25.63,2414,2010-10-19 05:00:00
136,25.73,26.03,25.73,25.88,3941,2010-10-20 05:00:00
137,25.99,26.16,25.6624,25.83,7702,2010-10-21 05:00:00
138,25.8,25.8616,25.7505,25.85,2802,2010-10-22 05:00:00
139,26.09,26.17,25.64,25.63,39387,2010-10-25 05:00:00
140,25.54,25.55,25.45,25.43,7222,2010-10-26 05:00:00
141,25.34,25.52,25.16,25.42,3503,2010-10-27 05:00:00
142,25.63,25.63,25.394,25.4,6516,2010-10-28 05:00:00
143,25.31,25.52,25.31,25.31,3350,2010-10-29 05:00:00
144,25.3001,25.46,25.0,25.07,2712,2010-11-01 05:00:00
145,25.27,25.68,25.27,25.68,1994,2010-11-02 05:00:00
146,25.68,25.76,25.35,25.64,3809,2010-11-03 05:00:00
147,25.9799,26.0976,25.9799,26.08,3231,2010-11-04 05:00:00
148,26.1,26.11,25.88,25.98,1774,2010-11-05 05:00:00
149,25.88,25.96,25.83,25.92,1210,2010-11-08 06:00:00
150,26.0,26.08,25.76,25.84,1661,2010-11-09 06:00:00
151,25.86,26.18,25.66,26.18,1477,2010-11-10 06:00:00
152,25.88,26.17,25.84,26.11,3601,2010-11-11 06:00:00
153,25.9,26.04,25.79,25.79,776,2010-11-12 06:00:00
154,25.88,25.94,25.73,25.78,2432,2010-11-15 06:00:00
155,25.59,25.68,25.27,25.37,2086,2010-11-16 06:00:00
156,25.41,25.48,25.31,25.41,3739,2010-11-17 06:00:00
157,25.59,25.83,25.59,25.74,1528,2010-11-18 06:00:00
158,25.75,25.83,25.6,25.75,5167,2010-11-19 06:00:00
159,25.85,26.09,25.73,26.04,7093,2010-11-22 06:00:00
160,25.8,25.96,25.7,25.93,4312,2010-11-23 06:00:00
161,26.2201,26.35,26.22,26.37,3256,2010-11-24 06:00:00
162,26.36,26.36,26.2505,26.19,3752,2010-11-26 06:00:00
163,26.06,26.07,25.7392,26.01,6369,2010-11-29 06:00:00
164,25.77,25.9,25.61,25.76,1368,2010-11-30 06:00:00
165,26.0,26.31,26.0,26.21,1351,2010-12-01 06:00:00
166,26.24,26.34,26.21,26.31,4122,2010-12-02 06:00:00
167,26.21,26.48,26.16,26.44,599,2010-12-03 06:00:00
168,26.41,26.55,26.35,26.52,4660,2010-12-06 06:00:00
169,26.74,26.82,26.63,26.7,5779,2010-12-07 06:00:00
170,26.77,26.93,26.75,26.77,4138,2010-12-08 06:00:00
171,26.92,26.93,26.69,26.7,4506,2010-12-09 06:00:00
172,26.77,27.04,26.77,27.02,1996,2010-12-10 06:00:00
173,27.15,27.26,27.1095,27.04,3510,2010-12-13 06:00:00
174,27.3001,27.48,27.3,27.43,1852,2010-12-14 06:00:00
175,27.42,27.81,27.39,27.58,6768,2010-12-15 06:00:00
176,27.97,27.97,27.51,27.89,7840,2010-12-16 06:00:00
177,27.88,28.17,27.7,28.17,9463,2010-12-17 06:00:00
178,28.17,28.29,28.06,28.1,6242,2010-12-20 06:00:00
179,28.35,28.48,28.34,28.43,14625,2010-12-21 06:00:00
180,28.45,28.48,28.36,28.38,7508,2010-12-22 06:00:00
181,28.37,28.44,28.35,28.39,5626,2010-12-23 06:00:00
182,28.28,28.51,28.28,28.44,3110,2010-12-27 06:00:00
183,28.47,28.48,28.25,28.37,22636,2010-12-28 06:00:00
184,28.39,28.42,28.36,28.36,8985,2010-12-29 06:00:00
185,28.35,28.47,28.34,28.34,3512,2010-12-30 06:00:00
186,28.31,28.33,28.0,28.0,5702,2010-12-31 06:00:00
187,28.21,28.55,28.18,28.46,5271,2011-01-03 06:00:00
188,28.56,28.56,27.87,28.07,5234,2011-01-04 06:00:00
189,28.29,28.29,28.0505,28.26,12465,2011-01-05 06:00:00
190,28.3,28.32,28.15,28.22,5531,2011-01-06 06:00:00
191,28.23,28.27,27.9,28.22,3464,2011-01-07 06:00:00
192,28.1,28.54,28.1,28.39,5828,2011-01-10 06:00:00
193,28.49,28.6,28.41,28.5,5930,2011-01-11 06:00:00
194,28.69,28.7,28.51,28.6,4616,2011-01-12 06:00:00
195,28.59,28.64,28.46,28.56,14269,2011-01-13 06:00:00
196,28.51,28.71,28.49,28.7,6788,2011-01-14 06:00:00
197,28.59,28.76,28.55,28.75,10371,2011-01-18 06:00:00
198,28.71,28.76,28.01,28.08,178694,2011-01-19 06:00:00
199,28.13,28.13,27.81,27.83,93963,2011-01-20 06:00:00
200,27.95,27.96,27.61,27.61,29777,2011-01-21 06:00:00
201,27.68,27.87,27.67,27.76,5949,2011-01-24 06:00:00
202,27.6201,27.94,27.6201,27.94,9038,2011-01-25 06:00:00
203,28.0,28.47,27.99,28.44,8171,2011-01-26 06:00:00
204,28.44,28.73,28.4,28.65,12681,2011-01-27 06:00:00
205,28.64,28.66,27.98,28.02,8816,2011-01-28 06:00:00
206,27.8891,28.26,27.8891,28.05,3448,2011-01-31 06:00:00
207,28.15,28.49,28.11,28.4,4060,2011-02-01 06:00:00
208,28.34,28.48,28.31,28.35,47342,2011-02-02 06:00:00
209,28.37,28.46,27.95,28.43,6864,2011-02-03 06:00:00
210,28.44,28.44,28.23,28.35,10911,2011-02-04 06:00:00
211,28.41,28.68,28.4,28.56,12741,2011-02-07 06:00:00
212,28.83,28.9856,28.74,28.94,8027,2011-02-08 06:00:00
213,29.0,29.04,28.78,28.84,10539,2011-02-09 06:00:00
214,28.8086,29.15,28.8086,29.05,8617,2011-02-10 06:00:00
215,28.98,29.3,28.95,29.3,4873,2011-02-11 06:00:00
216,29.3,29.64,29.29,29.62,26187,2011-02-14 06:00:00
217,29.54,29.68,29.42,29.42,12413,2011-02-15 06:00:00
218,29.55,29.78,29.52,29.78,5680,2011-02-16 06:00:00
219,30.05,30.05,29.69,29.87,8287,2011-02-17 06:00:00
220,30.0,30.25,29.99,30.23,10624,2011-02-18 06:00:00
221,29.97,30.15,29.77,29.81,8470,2011-02-22 06:00:00
222,29.74,29.74,29.13,29.13,9883,2011-02-23 06:00:00
223,28.99,29.13,28.81,29.0,12474,2011-02-24 06:00:00
224,29.02,29.67,29.02,29.67,4788,2011-02-25 06:00:00
225,29.75,29.84,29.5,29.65,24230,2011-02-28 06:00:00
226,29.7,29.72,29.32,29.39,16651,2011-03-01 06:00:00
227,29.35,29.62,29.34,29.55,7000,2011-03-02 06:00:00
228,29.69,30.19,29.68,30.15,3419,2011-03-03 06:00:00
229,30.15,30.25,29.92,30.25,12484,2011-03-04 06:00:00
230,30.3,30.3,29.62,29.9,5086,2011-03-07 06:00:00
231,29.89,30.47,29.8,30.44,4220,2011-03-08 06:00:00
232,30.52,30.92,30.48,30.87,51210,2011-03-09 06:00:00
233,30.64,30.64,30.17,30.4,8144,2011-03-10 06:00:00
234,30.25,30.59,30.2,30.42,2166754,2011-03-11 06:00:00
235,31.09,31.09,30.1701,30.3,100936,2011-03-14 05:00:00
236,29.84,30.14,29.66,30.0,22777,2011-03-15 05:00:00
237,29.93,30.07,29.63,29.63,27102,2011-03-16 05:00:00
238,29.9,29.98,29.78,29.78,18006,2011-03-17 05:00:00
239,29.94,30.12,29.93,30.08,66721,2011-03-18 05:00:00
240,30.29,30.59,30.28,30.5,9662,2011-03-21 05:00:00
241,30.52,30.58,30.37,30.43,7558,2011-03-22 05:00:00
242,30.2951,30.4751,29.97,30.33,24105,2011-03-23 05:00:00
243,30.46,30.65,30.31,30.57,9462,2011-03-24 05:00:00
244,30.82,31.05,30.66,30.7,18402,2011-03-25 05:00:00
245,30.78,30.9,30.76,30.8,13803,2011-03-28 05:00:00
246,30.79,31.07,30.76,31.07,70384,2011-03-29 05:00:00
247,31.17,31.48,31.17,31.41,180727,2011-03-30 05:00:00
248,31.38,31.63,31.37,31.63,24852,2011-03-31 05:00:00
249,31.72,31.91,31.65,31.83,23518,2011-04-01 05:00:00
250,31.9,32.11,31.89,32.1,16792,2011-04-04 05:00:00
251,32.2,32.5,32.18,32.35,18177,2011-04-05 05:00:00
252,32.65,32.65,32.22,32.3,42729,2011-04-06 05:00:00
253,32.33,32.33,32.12,32.22,19149,2011-04-07 05:00:00
254,32.3718,32.3718,31.7756,31.91,17065,2011-04-08 05:00:00
255,32.21,32.29,32.09,32.23,37125,2011-04-11 05:00:00
256,32.34,32.34,32.05,32.06,33604,2011-04-12 05:00:00
257,32.18,32.32,31.99,32.18,18235,2011-04-13 05:00:00
258,32.04,32.42,32.04,32.4,7744,2011-04-14 05:00:00
259,32.68,32.84,32.312,32.78,17874,2011-04-15 05:00:00
260,32.47,32.48,32.16,32.32,37492,2011-04-18 05:00:00
261,32.48,32.6,32.2,32.29,132806,2011-04-19 05:00:00
262,32.9,32.9,32.63,32.84,89481,2011-04-20 05:00:00
263,33.21,33.21,33.06,33.12,20454,2011-04-21 05:00:00
264,33.59,33.59,32.7728,32.93,38948,2011-04-25 05:00:00
265,32.98,33.56,32.98,33.46,77129,2011-04-26 05:00:00
266,33.62,34.4,33.56,34.34,202479,2011-04-27 05:00:00
267,34.22,34.45,34.08,34.45,61659,2011-04-28 05:00:00
268,34.65,34.65,34.105,34.07,37637,2011-04-29 05:00:00
269,34.41,34.47,34.09,34.21,291734,2011-05-02 05:00:00
270,33.97,34.08,33.48,33.62,182711,2011-05-03 05:00:00
271,33.62,33.7,33.11,33.13,362043,2011-05-04 05:00:00
272,32.93,33.53,32.87,33.03,101175,2011-05-05 05:00:00
273,33.48,33.75,33.31,33.4,77073,2011-05-06 05:00:00
274,33.34,33.81,33.34,33.74,104690,2011-05-09 05:00:00
275,34.1,34.18,33.89,34.12,148295,2011-05-10 05:00:00
276,34.21,34.21,33.569,33.79,49129,2011-05-11 05:00:00
277,33.65,34.05,33.42,34.02,52912,2011-05-12 05:00:00
278,34.05,34.139,33.6592,33.82,113572,2011-05-13 05:00:00
279,33.65,34.02,33.51,33.51,47625,2011-05-16 05:00:00
280,33.37,33.51,33.18,33.43,40426,2011-05-17 05:00:00
281,33.45,33.86,33.43,33.85,77824,2011-05-18 05:00:00
282,34.0,34.06,33.71,33.99,57947,2011-05-19 05:00:00
283,33.83,34.01,33.59,33.78,51834,2011-05-20 05:00:00
284,33.37,33.37,33.07,33.15,80096,2011-05-23 05:00:00
285,33.17,33.21,32.94,33.0,81261,2011-05-24 05:00:00
286,32.93,33.41,32.91,33.38,38777,2011-05-25 05:00:00
287,33.3,33.91,33.3,33.88,15139,2011-05-26 05:00:00
288,34.04,34.04,33.764,33.91,29622,2011-05-27 05:00:00
289,34.44,34.47,34.06,34.45,111731,2011-05-31 05:00:00
290,34.8,34.8,33.6448,33.65,70038,2011-06-01 05:00:00
291,33.68,33.87,33.47,33.68,23741,2011-06-02 05:00:00
292,33.7,33.7,33.13,33.17,133305,2011-06-03 05:00:00
293,33.26,33.26,32.53,32.55,70550,2011-06-06 05:00:00
294,32.74,32.96,32.63,32.73,83890,2011-06-07 05:00:00
295,32.61,32.7575,32.4602,32.46,41650,2011-06-08 05:00:00
296,32.57,32.91,32.46,32.66,38030,2011-06-09 05:00:00
297,32.52,32.53,31.93,32.12,21230,2011-06-10 05:00:00
298,32.23,32.38,32.03,32.03,64273,2011-06-13 05:00:00
299,32.28,32.73,32.26,32.57,42024,2011-06-14 05:00:00
300,32.44,32.78,32.15,32.16,17182,2011-06-15 05:00:00
301,32.17,32.4,31.87,32.27,52230,2011-06-16 05:00:00
302,32.36,32.49,31.96,31.98,75191,2011-06-17 05:00:00
303,31.87,32.3,31.85,32.18,23288,2011-06-20 05:00:00
304,32.39,32.74,32.33,32.69,1728337,2011-06-21 05:00:00
305,32.55,32.83,32.43,32.44,134051,2011-06-22 05:00:00
306,32.12,32.55,31.75,32.44,65751,2011-06-23 05:00:00
307,32.49,32.51,32.04,32.13,34681,2011-06-24 05:00:00
308,31.9,32.5571,31.89,32.49,30971,2011-06-27 05:00:00
309,32.66,33.096,32.548,33.08,139872,2011-06-28 05:00:00
310,33.15,33.23,32.89,33.06,45939,2011-06-29 05:00:00
311,33.11,33.43,33.11,33.41,28297,2011-06-30 05:00:00
312,33.34,33.97,33.29,33.94,91463,2011-07-01 05:00:00
313,33.97,34.25,33.86,34.25,48007,2011-07-05 05:00:00
314,34.19,34.54,34.19,34.44,52323,2011-07-06 05:00:00
315,34.59,34.83,34.36,34.75,136796,2011-07-07 05:00:00
316,34.39,34.59,34.3,34.58,70547,2011-07-08 05:00:00
317,34.26,34.31,33.77,33.83,28306,2011-07-11 05:00:00
318,33.75,34.243,33.7427,33.92,22684,2011-07-12 05:00:00
319,34.07,34.54,34.07,34.2,161507,2011-07-13 05:00:00
320,34.33,34.43,33.74,33.75,43280,2011-07-14 05:00:00
321,33.87,33.89,33.51,33.64,40432,2011-07-15 05:00:00
322,33.5,33.6043,33.041,33.24,34453,2011-07-18 05:00:00
323,33.41,33.9,33.4,33.88,30233,2011-07-19 05:00:00
324,33.86,33.86,33.43,33.66,26580,2011-07-20 05:00:00
325,33.74,34.08,33.65,33.95,53324,2011-07-21 05:00:00
326,33.93,33.93,33.69,33.86,28154,2011-07-22 05:00:00
327,33.5,33.64,33.3,33.31,105119,2011-07-25 05:00:00
328,33.27,33.27,32.84,32.86,73469,2011-07-26 05:00:00
329,32.67,32.83,32.223,32.21,61744,2011-07-27 05:00:00
330,32.26,32.54,31.92,31.96,104485,2011-07-28 05:00:00
331,31.8,32.2,31.35,32.04,316228,2011-07-29 05:00:00
332,32.36,32.36,30.94,31.2,61106,2011-08-01 05:00:00
333,30.94,31.34,30.33,30.33,524069,2011-08-02 05:00:00
334,30.39,30.58,29.52,30.53,241759,2011-08-03 05:00:00
335,30.12,30.12,28.9,28.91,85445,2011-08-04 05:00:00
336,29.25,29.25,27.75,28.42,471036,2011-08-05 05:00:00
337,26.95,28.12,26.05,26.08,165101,2011-08-08 05:00:00
338,26.48,27.64,25.53,27.63,84507,2011-08-09 05:00:00
339,26.94,27.32,26.41,26.44,31328,2011-08-10 05:00:00
340,26.61,28.05,26.43,27.71,133575,2011-08-11 05:00:00
341,27.91,28.46,27.65,28.29,52942,2011-08-12 05:00:00
342,28.57,29.11,28.47,29.1,24298,2011-08-15 05:00:00
343,28.72,28.94,28.36,28.68,107477,2011-08-16 05:00:00
344,28.82,29.04,28.29,28.57,25446,2011-08-17 05:00:00
345,27.46,27.68,27.0,27.09,16209,2011-08-18 05:00:00
346,26.61,27.3683,26.21,26.8,46927,2011-08-19 05:00:00
347,27.22,27.35,26.5,26.64,18522,2011-08-22 05:00:00
348,26.79,28.12,26.58,28.12,8045,2011-08-23 05:00:00
349,28.18,28.53,27.87,28.39,15640,2011-08-24 05:00:00
350,27.83,28.01,27.68,27.76,11476,2011-08-25 05:00:00
351,27.44,28.38,27.4275,28.36,11294,2011-08-26 05:00:00
352,28.68,29.47,28.68,29.45,7226,2011-08-29 05:00:00
353,29.3,29.792,29.1,29.67,12931,2011-08-30 05:00:00
354,29.89,30.2476,29.384,29.69,23142,2011-08-31 05:00:00
355,29.65,30.11,29.07,29.19,71096,2011-09-01 05:00:00
356,28.73,29.25,28.44,28.51,20791,2011-09-02 05:00:00
357,27.52,28.538,27.52,28.56,19046,2011-09-06 05:00:00
358,29.0,29.83,29.0,29.82,36749,2011-09-07 05:00:00
359,29.62,30.01,29.24,29.3,18178,2011-09-08 05:00:00
360,28.64,28.91,27.92,28.18,39211,2011-09-09 05:00:00
361,27.69,28.159,27.54,28.12,47956,2011-09-12 05:00:00
362,28.55,28.55,27.996,28.54,29769,2011-09-13 05:00:00
363,28.77,29.18,28.22,28.81,52426,2011-09-14 05:00:00
364,29.04,29.1,28.48,29.1,32206,2011-09-15 05:00:00
365,29.24,29.25,28.88,29.01,40922,2011-09-16 05:00:00
366,28.52,28.9516,28.466,28.84,8729,2011-09-19 05:00:00
367,28.88,29.19,28.51,28.51,29798,2011-09-20 05:00:00
368,28.59,29.01,27.85,27.85,18135,2011-09-21 05:00:00
369,26.9,27.58,26.67,27.23,29373,2011-09-22 05:00:00
370,27.22,27.63,27.18,27.61,26804,2011-09-23 05:00:00
371,27.75,28.04,27.33,28.06,23012,2011-09-26 05:00:00
372,28.41,29.07,28.39,28.65,84502,2011-09-27 05:00:00
373,28.77,28.81,27.76,27.76,9772,2011-09-28 05:00:00
374,28.18,28.41,27.36,28.03,174028,2011-09-29 05:00:00
375,27.67,28.22,27.59,27.61,6707,2011-09-30 05:00:00
376,27.29,27.73,26.32,26.33,20388,2011-10-03 05:00:00
377,26.14,27.44,26.06,27.41,58635,2011-10-04 05:00:00
378,27.4,27.88,27.17,27.84,12977,2011-10-05 05:00:00
379,27.9,28.49,27.9,28.51,13174,2011-10-06 05:00:00
380,28.54,28.54,27.821,27.89,12910,2011-10-07 05:00:00
381,28.3,28.82,28.3,28.91,29307,2011-10-10 05:00:00
382,28.7,29.09,28.7,28.96,33769,2011-10-11 05:00:00
383,29.21,29.42,29.16,29.22,22105,2011-10-12 05:00:00
384,29.14,29.42,29.02,29.37,37623,2011-10-13 05:00:00
385,29.62,29.73,29.38,29.67,30622,2011-10-14 05:00:00
386,29.44,29.44,28.75,28.83,70178,2011-10-17 05:00:00
387,28.76,29.224,28.3865,29.21,9653,2011-10-18 05:00:00
388,29.22,29.44,28.8,28.88,7022,2011-10-19 05:00:00
389,28.9999,29.05,28.47,29.02,59237,2011-10-20 05:00:00
390,29.39,29.71,29.33,29.69,7266,2011-10-21 05:00:00
391,29.79,30.75,29.78,30.71,19693,2011-10-24 05:00:00
392,30.58,30.58,29.88,29.9,52245,2011-10-25 05:00:00
393,30.44,30.65,29.91,30.53,19711,2011-10-26 05:00:00
394,31.08,31.3,30.53,31.23,30804,2011-10-27 05:00:00
395,31.05,31.2,30.96,31.02,76991,2011-10-28 05:00:00
396,30.73,30.87,30.42,30.42,24524,2011-10-31 05:00:00
397,29.68,29.97,29.38,29.45,25392,2011-11-01 05:00:00
398,29.566,29.8,29.53,29.85,6719,2011-11-02 05:00:00
399,30.03,30.22,29.637,30.19,12800,2011-11-03 05:00:00
400,29.99,30.14,29.79,30.04,8734,2011-11-04 05:00:00
401,30.04,30.24,29.72,30.21,12269,2011-11-07 06:00:00
402,30.37,30.84,30.17,30.79,32783,2011-11-08 06:00:00
403,30.2649,30.5,29.8239,29.86,46951,2011-11-09 06:00:00
404,30.17,30.22,29.72,30.02,15218,2011-11-10 06:00:00
405,30.32,30.74,30.27,30.66,111921,2011-11-11 06:00:00
406,30.54,30.62,30.25,30.39,6141,2011-11-14 06:00:00
407,30.2273,30.7395,30.14,30.67,3063,2011-11-15 06:00:00
408,30.43,30.57,29.96,29.97,12639,2011-11-16 06:00:00
409,30.12,30.34,29.82,29.91,6702,2011-11-17 06:00:00
410,29.865,29.9899,29.82,29.88,3313,2011-11-18 06:00:00
411,29.62,29.76,29.46,29.62,16312,2011-11-21 06:00:00
412,29.595,29.85,29.4705,29.68,9410,2011-11-22 06:00:00
413,29.31,29.42,29.02,29.04,19556,2011-11-23 06:00:00
414,28.89,29.05,28.52,28.56,5560,2011-11-25 06:00:00
415,29.49,29.86,29.23,29.8,13519,2011-11-28 06:00:00
416,29.95,29.95,29.62,29.85,15084,2011-11-29 06:00:00
417,30.44,31.43,30.44,31.43,11037,2011-11-30 06:00:00
418,31.27,31.53,31.22,31.23,14408,2011-12-01 06:00:00
419,31.49,31.58,31.02,31.04,34689,2011-12-02 06:00:00
420,31.47,31.49,31.07,31.26,5153,2011-12-05 06:00:00
421,31.37,31.37,31.06,31.15,4441,2011-12-06 06:00:00
422,30.7527,31.11,30.62,31.08,7479,2011-12-07 06:00:00
423,30.93,30.93,30.2,30.23,29573,2011-12-08 06:00:00
424,30.41,31.1595,30.17,31.09,11426,2011-12-09 06:00:00
425,30.51,30.65,30.41,30.7,42789,2011-12-12 06:00:00
426,30.89,30.93,30.1626,30.27,12680,2011-12-13 06:00:00
427,30.09,30.36,30.05,30.32,13168,2011-12-14 06:00:00
428,30.67,30.97,30.5,30.92,21373,2011-12-15 06:00:00
429,31.01,31.32,30.91,31.12,144846,2011-12-16 06:00:00
430,30.98,31.19,30.57,30.59,50636,2011-12-19 06:00:00
431,31.12,31.65,31.07,31.65,22136,2011-12-20 06:00:00
432,31.444,31.64,31.2,31.61,28530,2011-12-21 06:00:00
433,31.59,31.76,31.55,31.73,14734,2011-12-22 06:00:00
434,32.11,32.11,31.7001,31.73,11044,2011-12-23 06:00:00
435,31.63,32.03,31.61,31.96,13212,2011-12-27 06:00:00
436,31.93,31.94,31.27,31.29,15124,2011-12-28 06:00:00
437,31.7,31.7,31.491,31.66,86704,2011-12-29 06:00:00
438,31.82,31.82,31.509,31.46,8232,2011-12-30 06:00:00
439,31.91,32.12,31.51,31.61,16646,2012-01-03 06:00:00
440,31.4136,31.4136,31.287,31.32,17456,2012-01-04 06:00:00
441,31.64,31.656,30.99,31.54,23131,2012-01-05 06:00:00
442,31.54,31.74,31.4,31.63,9901,2012-01-06 06:00:00
443,31.79,31.99,31.39,31.59,30154,2012-01-09 06:00:00
444,31.82,31.87,31.71,31.8,59595,2012-01-10 06:00:00
445,31.71,31.8,31.58,31.69,34178,2012-01-11 06:00:00
446,31.62,31.79,31.48,31.76,29525,2012-01-12 06:00:00
447,31.53,31.74,31.39,31.72,12280,2012-01-13 06:00:00
448,32.25,32.25,31.99,32.05,19489,2012-01-17 06:00:00
449,32.01,32.27,31.93,32.27,6937,2012-01-18 06:00:00
450,32.32,32.41,32.22,32.37,12804,2012-01-19 06:00:00
451,32.32,32.47,32.16,32.25,9798,2012-01-20 06:00:00
452,32.23,32.35,31.9,32.04,14095,2012-01-23 06:00:00
453,31.9,32.28,31.83,32.26,12825,2012-01-24 06:00:00
454,32.21,32.51,32.08,32.47,30369,2012-01-25 06:00:00
455,32.54,32.54,32.24,32.45,17701,2012-01-26 06:00:00
456,32.51,32.84,32.49,32.83,186056,2012-01-27 06:00:00
457,33.11,33.11,32.41,32.48,63323,2012-01-30 06:00:00
458,32.59,32.85,32.59,32.81,7930,2012-01-31 06:00:00
459,32.98,33.58,32.98,33.56,12330,2012-02-01 06:00:00
460,33.58,33.8,33.49,33.8,25905,2012-02-02 06:00:00
461,34.2,34.39,34.16,34.29,16169,2012-02-03 06:00:00
462,34.09,34.26,34.03,34.13,22106,2012-02-06 06:00:00
463,34.15,34.15,33.82,33.91,13064,2012-02-07 06:00:00
464,33.93,34.14,33.8,34.07,4806,2012-02-08 06:00:00
465,34.04,34.1,33.6,33.65,9074,2012-02-09 06:00:00
466,33.38,33.49,33.14,33.41,17978,2012-02-10 06:00:00
467,33.71,34.08,33.71,34.01,12961,2012-02-13 06:00:00
468,33.84,33.86,33.63,33.84,37159,2012-02-14 06:00:00
469,33.92,34.11,33.62,33.76,7387,2012-02-15 06:00:00
470,33.76,34.35,33.72,34.35,10264,2012-02-16 06:00:00
471,34.31,34.31,34.051,34.12,5884,2012-02-17 06:00:00
472,34.16,34.1822,33.7176,33.81,13967,2012-02-21 06:00:00
473,33.7716,33.86,33.71,33.72,55725,2012-02-22 06:00:00
474,33.85,34.29,33.8499,34.22,11631,2012-02-23 06:00:00
475,34.1215,34.4,34.1215,34.34,3883,2012-02-24 06:00:00
476,34.13,34.5,34.0,34.39,11683,2012-02-27 06:00:00
477,34.5,34.6969,34.316,34.55,6483,2012-02-28 06:00:00
478,34.58,34.67,33.9,33.9,5454,2012-02-29 06:00:00
479,34.05,34.31,34.0,34.04,10148,2012-03-01 06:00:00
480,34.04,34.04,33.47,33.51,28307,2012-03-02 06:00:00
481,33.52,33.65,33.402,33.62,57857,2012-03-05 06:00:00
482,33.33,33.36,32.87,32.94,85412,2012-03-06 06:00:00
483,33.01,33.21,32.91,33.18,31655,2012-03-07 06:00:00
484,33.35,33.649,33.1599,33.61,8373,2012-03-08 06:00:00
485,33.63,34.0988,33.5,33.87,17074,2012-03-09 06:00:00
486,34.11,34.19,33.84,33.92,9701,2012-03-12 05:00:00
487,34.52,34.52,33.95,34.46,10162,2012-03-13 05:00:00
488,34.39,34.5205,34.3022,34.36,6167,2012-03-14 05:00:00
489,34.42,34.68,34.3301,34.68,3573,2012-03-15 05:00:00
490,34.77,34.79,34.59,34.64,9177,2012-03-16 05:00:00
491,34.68,35.2,34.617,34.97,5655,2012-03-19 05:00:00
492,34.54,34.69,34.44,34.55,25563,2012-03-20 05:00:00
493,34.59,34.82,34.48,34.65,4610,2012-03-21 05:00:00
494,34.56,34.56,34.2401,34.47,8734,2012-03-22 05:00:00
495,34.52,34.75,34.38,34.74,13167,2012-03-23 05:00:00
496,34.99,35.67,34.96,35.64,7315,2012-03-26 05:00:00
497,35.73,35.73,35.45,35.41,11544,2012-03-27 05:00:00
498,35.47,35.69,35.05,35.29,7140,2012-03-28 05:00:00
499,34.92,35.24,34.8905,35.18,10908,2012-03-29 05:00:00
500,35.3,35.35,35.1278,35.1,8341,2012-03-30 05:00:00
501,35.11,35.648,35.05,35.69,65907,2012-04-02 05:00:00
502,35.63,35.779,35.51,35.59,38054,2012-04-03 05:00:00
503,35.1982,35.1982,34.91,35.02,28424,2012-04-04 05:00:00
504,34.7,35.08,34.7,35.03,4341,2012-04-05 05:00:00
505,34.55,34.55,33.98,33.97,8297,2012-04-09 05:00:00
506,33.69,33.75,32.86,32.87,139688,2012-04-10 05:00:00
507,33.72,33.72,33.0401,33.28,9258,2012-04-11 05:00:00
508,33.26,33.74,33.26,33.64,3499,2012-04-12 05:00:00
509,33.39,33.39,33.072,33.2,6255,2012-04-13 05:00:00
510,33.59,33.59,32.88,33.1,167252,2012-04-16 05:00:00
511,33.3,33.93,33.3,33.78,33662,2012-04-17 05:00:00
512,33.75,33.76,33.57,33.66,18608,2012-04-18 05:00:00
513,34.0,34.1115,33.586,33.67,4725,2012-04-19 05:00:00
514,34.18,34.24,33.94,33.98,6046,2012-04-20 05:00:00
515,34.01,34.01,33.24,33.45,15189,2012-04-23 05:00:00
516,33.7,33.81,33.44,33.77,2737,2012-04-24 05:00:00
517,34.11,34.56,34.1,34.38,10893,2012-04-25 05:00:00
518,34.26,34.73,34.26,34.58,5427,2012-04-26 05:00:00
519,34.71,35.05,34.52,34.99,6386,2012-04-27 05:00:00
520,34.96,35.05,34.69,34.71,10259,2012-04-30 05:00:00
521,34.56,35.23,34.55,34.62,51849,2012-05-01 05:00:00
522,34.61,34.75,34.31,34.8,7337,2012-05-02 05:00:00
523,34.6135,34.7838,34.382,34.54,4263,2012-05-03 05:00:00
524,34.18,34.23,33.928,33.96,4681,2012-05-04 05:00:00
525,33.79,34.4,33.74,34.24,5697,2012-05-07 05:00:00
526,33.81,34.286,33.74,34.26,23222,2012-05-08 05:00:00
527,33.9526,34.08,33.85,34.008,7376,2012-05-09 05:00:00
528,34.16,34.16,33.71,33.79,4793,2012-05-10 05:00:00
529,33.66,33.9565,33.66,33.7944,4541,2012-05-11 05:00:00
530,33.52,33.7,33.37,33.55,4217,2012-05-14 05:00:00
531,33.51,33.8399,33.51,33.5727,6363,2012-05-15 05:00:00
532,33.78,33.78,33.4202,33.4202,6293,2012-05-16 05:00:00
533,33.55,33.55,32.9478,32.9478,4617,2012-05-17 05:00:00
534,33.14,33.14,32.33,32.4,14823,2012-05-18 05:00:00
535,32.44,33.23,32.4,33.13,22126,2012-05-21 05:00:00
536,33.22,33.3217,32.75,32.85,24122,2012-05-22 05:00:00
537,32.7,32.86,32.29,32.8799,7234,2012-05-23 05:00:00
538,32.87,33.09,32.68,33.09,6938,2012-05-24 05:00:00
539,33.07,33.41,33.03,33.3375,6865,2012-05-25 05:00:00
540,33.57,33.7096,33.36,33.638,7608,2012-05-29 05:00:00
541,33.36,33.38,33.198,33.222,4586,2012-05-30 05:00:00
542,33.24,33.24,32.84,33.15,10631,2012-05-31 05:00:00
543,32.5355,32.62,32.39,32.49,43303,2012-06-01 05:00:00
544,32.56,32.59,32.12,32.46,22153,2012-06-04 05:00:00
545,32.36,32.95,32.36,32.941,32176,2012-06-05 05:00:00
546,33.1,33.76,33.1,33.6,5937,2012-06-06 05:00:00
547,34.0,34.0,33.304,33.304,41626,2012-06-07 05:00:00
548,33.35,33.813,33.2,33.8001,2767,2012-06-08 05:00:00
549,34.05,34.11,32.98,33.0,8018,2012-06-11 05:00:00
550,33.12,33.41,32.92,33.4001,8602,2012-06-12 05:00:00
551,33.3201,33.59,33.0844,33.21,4789,2012-06-13 05:00:00
552,33.22,33.656,33.22,33.65,23522,2012-06-14 05:00:00
553,33.45,34.1663,33.45,34.1663,69592,2012-06-15 05:00:00
554,34.188,34.618,34.188,34.5218,26959,2012-06-18 05:00:00
555,35.07,35.199,35.0201,35.09,10675,2012-06-19 05:00:00
556,34.92,35.16,34.92,35.048,14543,2012-06-20 05:00:00
557,34.99,35.0,34.27,34.3501,14566,2012-06-21 05:00:00
558,34.52,35.0,34.35,34.99,43054,2012-06-22 05:00:00
559,34.62,34.69,34.4712,34.6118,9224,2012-06-25 05:00:00
560,34.62,34.75,34.5801,34.64,15293,2012-06-26 05:00:00
561,34.8,35.06,34.8,35.0,7749,2012-06-27 05:00:00
562,34.78,34.89,34.4301,34.89,13563,2012-06-28 05:00:00
563,35.44,35.86,35.44,35.7696,5680,2012-06-29 05:00:00
564,36.25,36.3065,35.764,36.3065,10827,2012-07-02 05:00:00
565,36.45,36.6345,36.373,36.54,13058,2012-07-03 05:00:00
566,36.85,36.85,36.2909,36.4036,30359,2012-07-05 05:00:00
567,36.38,36.38,35.894,35.894,6817,2012-07-06 05:00:00
568,36.25,36.61,36.25,36.61,4720,2012-07-09 05:00:00
569,36.95,36.95,35.7001,35.7001,11646,2012-07-10 05:00:00
570,36.1,36.1,35.2701,35.55,8256,2012-07-11 05:00:00
571,35.35,35.6,35.07,35.55,7233,2012-07-12 05:00:00
572,35.63,35.94,35.63,35.8001,17088,2012-07-13 05:00:00
573,35.8,36.1,35.74,36.01,41621,2012-07-16 05:00:00
574,36.3,36.3,35.76,36.168,10257,2012-07-17 05:00:00
575,36.3799,36.5,36.2108,36.235,10090,2012-07-18 05:00:00
576,36.34,36.43,35.97,36.248,27535,2012-07-19 05:00:00
577,35.99,36.06,35.85,35.9703,17600,2012-07-20 05:00:00
578,35.51,35.51,35.12,35.4,9040,2012-07-23 05:00:00
579,35.82,35.82,34.95,34.95,6168,2012-07-24 05:00:00
580,35.19,35.31,34.83,35.0099,7615,2012-07-25 05:00:00
581,35.51,35.51,34.92,35.08,6661,2012-07-26 05:00:00
582,35.02,35.6278,35.02,35.56,22471,2012-07-27 05:00:00
583,35.4,35.52,35.07,35.192,71117,2012-07-30 05:00:00
584,35.12,35.27,34.5,34.6402,6030,2012-07-31 05:00:00
585,34.99,34.99,34.11,34.2435,12955,2012-08-01 05:00:00
586,33.71,34.04,33.71,33.94,290081,2012-08-02 05:00:00
587,34.07,34.8,34.07,34.61,8806,2012-08-03 05:00:00
588,34.66,35.1172,34.66,34.96,9151,2012-08-06 05:00:00
589,35.06,35.46,35.06,35.3136,21283,2012-08-07 05:00:00
590,35.28,35.32,35.12,35.23,14821,2012-08-08 05:00:00
591,35.29,35.39,35.2501,35.3568,9713,2012-08-09 05:00:00
592,35.22,35.36,35.15,35.31,9701,2012-08-10 05:00:00
593,35.33,35.33,34.89,35.3,11568,2012-08-13 05:00:00
594,35.37,35.4652,35.21,35.21,7958,2012-08-14 05:00:00
595,35.23,35.6225,35.22,35.6225,36737,2012-08-15 05:00:00
596,35.71,35.86,35.36,35.76,13590,2012-08-16 05:00:00
597,35.6838,36.08,35.6601,36.05,5387,2012-08-17 05:00:00
598,36.06,36.06,35.77,35.93,5072,2012-08-20 05:00:00
599,35.88,36.255,35.86,35.9,12354,2012-08-21 05:00:00
600,35.6,36.038,35.6,35.95,40197,2012-08-22 05:00:00
601,35.93,35.93,35.59,35.67,8803,2012-08-23 05:00:00
602,35.65,36.02,35.56,35.91,13476,2012-08-24 05:00:00
603,35.75,36.086,35.75,36.01,23098,2012-08-27 05:00:00
604,35.93,36.16,35.9,36.08,19824,2012-08-28 05:00:00
605,36.191,36.47,36.191,36.417,8468,2012-08-29 05:00:00
606,36.3,36.3,36.07,36.15,4429,2012-08-30 05:00:00
607,36.32,36.345,35.9143,36.23,9955,2012-08-31 05:00:00
608,36.24,37.04,36.24,36.94,13169,2012-09-04 05:00:00
609,36.89,37.1299,36.89,37.0599,67099,2012-09-05 05:00:00
610,37.27,37.7608,37.27,37.57,19848,2012-09-06 05:00:00
611,37.76,37.76,37.44,37.44,43737,2012-09-07 05:00:00
612,37.48,37.51,37.25,37.32,47982,2012-09-10 05:00:00
613,37.36,37.57,37.32,37.321,18779,2012-09-11 05:00:00
614,37.53,37.53,37.0901,37.26,7306,2012-09-12 05:00:00
615,37.51,37.94,37.26,37.7999,12661,2012-09-13 05:00:00
616,37.86,38.138,37.82,37.84,9732,2012-09-14 05:00:00
617,37.83,37.84,37.55,37.77,6517,2012-09-17 05:00:00
618,37.81,38.02,37.81,38.0,40105,2012-09-18 05:00:00
619,38.07,38.07,36.83,36.83,7608,2012-09-19 05:00:00
620,36.71,37.1483,36.69,37.102,14384,2012-09-20 05:00:00
621,37.33,37.654,37.33,37.48,8123,2012-09-21 05:00:00
622,37.25,37.25,36.84,36.87,9882,2012-09-24 05:00:00
623,37.18,37.2999,36.74,36.76,18778,2012-09-25 05:00:00
624,36.75,36.82,36.43,36.475,13011,2012-09-26 05:00:00
625,36.71,36.871,36.52,36.8,8765,2012-09-27 05:00:00
626,36.67,36.81,36.5626,36.71,7774,2012-09-28 05:00:00
627,36.9501,37.1993,36.7887,36.94,12060,2012-10-01 05:00:00
628,37.07,37.14,36.75,36.89,9419,2012-10-02 05:00:00
629,36.93,37.07,36.72,36.95,21567,2012-10-03 05:00:00
630,36.77,36.89,36.53,36.82,8623,2012-10-04 05:00:00
631,37.19,37.19,36.4965,36.6,21266,2012-10-05 05:00:00
632,36.43,36.49,36.3635,36.41,2234,2012-10-08 05:00:00
633,36.3,36.3,35.6201,35.6201,7625,2012-10-09 05:00:00
634,35.62,35.67,35.45,35.51,11930,2012-10-10 05:00:00
635,35.81,36.0999,35.67,35.7732,17354,2012-10-11 05:00:00
636,35.72,35.8305,35.52,35.56,4236,2012-10-12 05:00:00
637,35.6,35.67,35.39,35.59,6034,2012-10-15 05:00:00
638,35.74,35.979,35.74,35.8319,5995,2012-10-16 05:00:00
639,36.05,36.299,35.925,36.07,18487,2012-10-17 05:00:00
640,36.05,36.05,35.32,35.47,28767,2012-10-18 05:00:00
641,35.2,35.2,34.46,34.64,9109,2012-10-19 05:00:00
642,34.52,34.61,34.4,34.54,12122,2012-10-22 05:00:00
643,34.44,34.44,34.05,34.34,12196,2012-10-23 05:00:00
644,34.35,34.55,34.3,34.3,43001,2012-10-24 05:00:00
645,34.69,34.86,34.5,34.55,15030,2012-10-25 05:00:00
646,34.5058,34.55,34.19,34.25,60611,2012-10-26 05:00:00
647,34.44,34.44,33.995,34.244,17859,2012-10-31 05:00:00
648,34.4,34.71,34.23,34.64,6320,2012-11-01 05:00:00
649,34.7,34.77,34.14,34.2141,159502,2012-11-02 05:00:00
650,34.16,34.6032,34.15,34.52,3506,2012-11-05 06:00:00
651,34.68,34.76,34.52,34.77,6806,2012-11-06 06:00:00
652,34.8,34.8,33.947,34.36,10785,2012-11-07 06:00:00
653,34.27,34.35,33.98,34.05,13753,2012-11-08 06:00:00
654,33.88,34.1865,33.754,33.94,233949,2012-11-09 06:00:00
655,34.31,34.32,34.06,34.11,30750,2012-11-12 06:00:00
656,33.99,34.14,31.6801,33.87,109859,2012-11-13 06:00:00
657,33.98,34.03,33.37,33.37,24950,2012-11-14 06:00:00
658,33.38,33.38,32.99,33.31,33707,2012-11-15 06:00:00
659,33.08,33.71,33.08,33.67,18571,2012-11-16 06:00:00
660,34.05,34.2,34.01,34.19,14497,2012-11-19 06:00:00
661,34.1399,34.4,34.1399,34.4,6441,2012-11-20 06:00:00
662,34.28,34.48,34.28,34.43,6878,2012-11-21 06:00:00
663,34.6,34.85,34.6,34.7218,1670,2012-11-23 06:00:00
664,34.78,34.92,34.57,34.81,3283,2012-11-26 06:00:00
665,34.93,35.12,34.79,34.8,5372,2012-11-27 06:00:00
666,34.78,34.8,34.36,34.6505,16256,2012-11-28 06:00:00
667,34.94,35.33,34.94,35.27,9248,2012-11-29 06:00:00
668,35.33,35.41,35.08,35.19,6094,2012-11-30 06:00:00
669,35.43,35.43,35.165,35.24,4137,2012-12-03 06:00:00
670,35.32,35.38,35.0967,35.3473,4237,2012-12-04 06:00:00
671,35.47,35.47,35.25,35.25,5252,2012-12-05 06:00:00
672,35.3,35.37,35.06,35.25,9445,2012-12-06 06:00:00
673,35.22,35.2899,35.1273,35.189,9830,2012-12-07 06:00:00
674,35.3999,35.4531,35.33,35.42,7665,2012-12-10 06:00:00
675,35.44,35.77,35.44,35.76,14229,2012-12-11 06:00:00
676,35.86,35.97,35.56,35.5963,5788,2012-12-12 06:00:00
677,35.63,35.642,35.29,35.43,44856,2012-12-13 06:00:00
678,35.43,35.43,35.14,35.13,7839,2012-12-14 06:00:00
679,35.26,35.5524,35.2583,35.5524,8177,2012-12-17 06:00:00
680,35.4,36.02,35.4,35.98,26057,2012-12-18 06:00:00
681,35.99,36.04,35.7692,35.86,8693,2012-12-19 06:00:00
682,35.91,36.2,35.88,36.09,9374,2012-12-20 06:00:00
683,36.05,36.05,35.67,35.72,28417,2012-12-21 06:00:00
684,35.55,35.59,35.4,35.55,5871,2012-12-24 06:00:00
685,35.63,35.69,35.36,35.3999,14717,2012-12-26 06:00:00
686,35.35,35.454,34.86,35.24,6759,2012-12-27 06:00:00
687,35.27,35.27,34.96,34.9,6683,2012-12-28 06:00:00
688,34.95,35.45,34.77,35.35,12160,2012-12-31 06:00:00
689,36.17,36.24,35.94,36.1135,80448,2013-01-02 06:00:00
690,36.26,36.5,36.2,36.22,41297,2013-01-03 06:00:00
691,36.405,36.66,36.36,36.593,17251,2013-01-04 06:00:00
692,36.49,36.84,36.4,36.79,7510,2013-01-07 06:00:00
693,36.71,36.85,36.71,36.82,7844,2013-01-08 06:00:00
694,36.95,37.06,36.8501,36.94,16760,2013-01-09 06:00:00
695,37.08,37.12,36.8,37.04,20829,2013-01-10 06:00:00
696,37.09,37.11,36.88,36.96,6265,2013-01-11 06:00:00
697,36.91,36.98,36.77,36.7796,3344,2013-01-14 06:00:00
698,36.8201,37.1248,36.8201,37.1248,90462,2013-01-15 06:00:00
699,37.07,37.08,36.93,36.9901,25545,2013-01-16 06:00:00
700,37.1115,37.2999,37.1115,37.264,11421,2013-01-17 06:00:00
701,37.28,37.44,37.21,37.41,7063,2013-01-18 06:00:00
702,37.44,37.72,37.33,37.67,14368,2013-01-22 06:00:00
703,37.69,37.69,37.41,37.371,164493,2013-01-23 06:00:00
704,37.42,37.95,37.42,37.826,18023,2013-01-24 06:00:00
705,37.98,38.05,37.761,38.04,9392,2013-01-25 06:00:00
706,38.1,38.1,37.8943,37.98,6273,2013-01-28 06:00:00
707,37.98,38.01,37.72,38.01,22679,2013-01-29 06:00:00
708,38.0,38.0,37.24,37.3264,10365,2013-01-30 06:00:00
709,37.38,37.79,37.38,37.6297,13867,2013-01-31 06:00:00
710,37.76,38.26,37.76,38.15,42132,2013-02-01 06:00:00
711,38.06,38.21,37.65,37.65,20445,2013-02-04 06:00:00
712,37.84,38.1028,37.84,38.07,6245,2013-02-05 06:00:00
713,37.831,38.0525,37.831,38.05,29130,2013-02-06 06:00:00
714,38.064,38.1035,37.78,37.99,3765,2013-02-07 06:00:00
715,38.17,38.3966,38.17,38.23,4625,2013-02-08 06:00:00
716,38.25,38.25,37.9758,38.0601,5751,2013-02-11 06:00:00
717,38.2001,38.239,38.09,38.1,7669,2013-02-12 06:00:00
718,38.19,38.37,38.13,38.11,4053,2013-02-13 06:00:00
719,38.24,38.5299,38.24,38.43,5394,2013-02-14 06:00:00
720,38.4309,38.6099,38.41,38.46,5609,2013-02-15 06:00:00
721,38.54,38.89,38.54,38.89,5717,2013-02-19 06:00:00
722,38.88,38.92,38.39,38.4375,5666,2013-02-20 06:00:00
723,38.43,38.49,38.11,38.3,17930,2013-02-21 06:00:00
724,38.256,38.3285,38.2101,38.2125,6836,2013-02-22 06:00:00
725,38.452,38.452,37.836,37.836,6312,2013-02-25 06:00:00
726,37.98,38.057,37.81,38.04,4805,2013-02-26 06:00:00
727,38.1201,38.5199,38.1201,38.32,10378,2013-02-27 06:00:00
728,38.31,38.63,38.31,38.559,6174,2013-02-28 06:00:00
729,38.22,38.892,38.19,38.866,16856,2013-03-01 06:00:00
730,38.84,38.9899,38.7459,38.98,5826,2013-03-04 06:00:00
731,39.11,39.4,39.11,39.2899,8590,2013-03-05 06:00:00
732,39.32,39.47,39.3117,39.36,4234,2013-03-06 06:00:00
733,39.34,39.482,39.34,39.482,11670,2013-03-07 06:00:00
734,39.61,39.89,39.556,39.8603,10623,2013-03-08 06:00:00
735,39.91,40.03,39.82,39.91,5942,2013-03-11 05:00:00
736,39.88,40.01,39.79,39.8158,5356,2013-03-12 05:00:00
737,39.8305,39.8305,39.59,39.75,7793,2013-03-13 05:00:00
738,39.76,39.99,39.7901,39.99,19229,2013-03-14 05:00:00
739,39.92,40.012,39.8305,39.942,9128,2013-03-15 05:00:00
740,39.62,39.86,39.62,39.63,5667,2013-03-18 05:00:00
741,39.87,39.94,39.4101,39.64,7074,2013-03-19 05:00:00
742,39.88,39.972,39.45,39.94,5539,2013-03-20 05:00:00
743,39.98,39.98,39.75,39.758,10520,2013-03-21 05:00:00
744,39.84,39.95,39.648,39.682,6433,2013-03-22 05:00:00
745,39.8,40.09,39.49,39.57,5833,2013-03-25 05:00:00
746,39.72,39.91,39.58,39.69,15904,2013-03-26 05:00:00
747,39.74,40.0,39.54,39.86,16051,2013-03-27 05:00:00
748,39.99,40.18,39.99,40.11,4337,2013-03-28 05:00:00
749,40.0,40.13,39.36,39.62,16430,2013-04-01 05:00:00
750,39.78,40.21,39.76,39.79,7301,2013-04-02 05:00:00
751,39.93,39.93,39.06,39.17,12683,2013-04-03 05:00:00
752,39.19,39.22,38.8325,39.18,46315,2013-04-04 05:00:00
753,38.98,39.06,38.6701,38.95,13941,2013-04-05 05:00:00
754,38.9767,38.9767,38.63,38.81,13122,2013-04-08 05:00:00
755,39.02,39.11,38.77,38.82,11436,2013-04-09 05:00:00
756,38.88,39.37,38.78,39.32,5003,2013-04-10 05:00:00
757,39.29,39.65,39.32,39.4,25759,2013-04-11 05:00:00
758,39.36,39.472,39.19,39.38,7079,2013-04-12 05:00:00
759,39.34,39.34,38.24,38.39,17518,2013-04-15 05:00:00
760,38.61,38.982,38.52,38.925,4622,2013-04-16 05:00:00
761,38.84,38.84,38.431,38.71,9230,2013-04-17 05:00:00
762,38.73,38.73,38.1301,38.2475,5919,2013-04-18 05:00:00
763,38.3,38.91,38.35,38.87,6319,2013-04-19 05:00:00
764,39.0605,39.1,38.44,38.904,5743,2013-04-22 05:00:00
765,39.11,39.3599,39.11,39.2221,6364,2013-04-23 05:00:00
766,39.27,39.35,39.05,39.07,3867,2013-04-24 05:00:00
767,39.2,39.4299,39.16,39.16,5660,2013-04-25 05:00:00
768,39.08,39.1327,38.94,39.0302,5539,2013-04-26 05:00:00
769,39.18,39.55,39.18,39.4605,7519,2013-04-29 05:00:00
770,39.41,39.5599,39.3984,39.41,12882,2013-04-30 05:00:00
771,39.51,39.5127,39.0,39.0,8029,2013-05-01 05:00:00
772,39.15,39.66,39.1201,39.6495,4267,2013-05-02 05:00:00
773,39.87,40.04,39.63,39.778,102033,2013-05-03 05:00:00
774,39.73,39.88,39.66,39.8366,19989,2013-05-06 05:00:00
775,39.93,40.042,39.8136,39.9401,4029,2013-05-07 05:00:00
776,40.05,40.39,40.04,40.39,7858,2013-05-08 05:00:00
777,40.42,40.593,40.438,40.49,4981,2013-05-09 05:00:00
778,40.43,41.2175,40.43,41.2175,2153,2013-05-10 05:00:00
779,41.2,41.464,41.1304,41.3899,5611,2013-05-13 05:00:00
780,41.4,41.8901,41.4,41.8901,5920,2013-05-14 05:00:00
781,41.89,41.9899,41.75,41.86,24390,2013-05-15 05:00:00
782,41.78,41.8799,41.5277,41.7076,5380,2013-05-16 05:00:00
783,41.84,42.0699,41.84,42.05,4789,2013-05-17 05:00:00
784,42.05,42.2648,41.9614,42.0829,6136,2013-05-20 05:00:00
785,42.228,42.2743,42.08,42.22,6698,2013-05-21 05:00:00
786,42.34,42.64,41.66,41.78,25808,2013-05-22 05:00:00
787,41.56,42.02,41.5001,42.02,6212,2013-05-23 05:00:00
788,41.6038,42.0401,41.6038,41.99,4212,2013-05-24 05:00:00
789,42.41,42.92,42.3501,42.72,10576,2013-05-28 05:00:00
790,42.34,42.45,41.75,42.036,13781,2013-05-29 05:00:00
791,42.27,42.48,42.111,42.4184,4176,2013-05-30 05:00:00
792,42.31,42.45,42.11,42.28,3537,2013-05-31 05:00:00
793,42.08,42.31,41.72,42.2,7826,2013-06-03 05:00:00
794,42.34,42.5,41.44,41.9299,9705,2013-06-04 05:00:00
795,41.72,41.83,41.07,41.1576,10990,2013-06-05 05:00:00
796,41.19,41.53,40.98,41.3802,8729,2013-06-06 05:00:00
797,41.74,42.161,41.74,42.017,5603,2013-06-07 05:00:00
798,42.13,42.38,41.89,42.3652,7554,2013-06-10 05:00:00
799,42.68,42.794,40.5,42.55,41153,2013-06-11 05:00:00
800,42.85,42.86,42.35,42.48,13998,2013-06-12 05:00:00
801,42.38,42.99,42.15,42.8999,13383,2013-06-13 05:00:00
802,42.98,42.99,42.743,42.7436,13001,2013-06-14 05:00:00
803,43.0,43.2199,42.892,43.0501,7604,2013-06-17 05:00:00
804,43.02,43.64,43.02,43.58,48008,2013-06-18 05:00:00
805,43.55,43.58,43.1,43.309,17380,2013-06-19 05:00:00
806,42.73,42.73,42.13,42.28,18635,2013-06-20 05:00:00
807,42.34,42.634,41.97,42.54,16242,2013-06-21 05:00:00
808,42.35,42.547,41.99,42.41,12192,2013-06-24 05:00:00
809,42.53,42.71,42.01,42.19,24185,2013-06-25 05:00:00
810,42.39,42.469,42.185,42.446,11651,2013-06-26 05:00:00
811,42.615,43.13,42.6,43.02,57768,2013-06-27 05:00:00
812,42.84,43.09,42.63,43.01,7071,2013-06-28 05:00:00
813,43.09,43.839,43.17,43.5,110382,2013-07-01 05:00:00
814,43.68,43.9399,43.41,43.5729,10778,2013-07-02 05:00:00
815,43.48,43.608,43.32,43.52,7558,2013-07-03 05:00:00
816,43.81,44.28,43.746,44.28,9688,2013-07-05 05:00:00
817,44.44,44.5899,44.29,44.4,9972,2013-07-08 05:00:00
818,44.9,44.9,44.44,44.6201,15438,2013-07-09 05:00:00
819,44.76,44.8999,44.6191,44.85,13381,2013-07-10 05:00:00
820,45.08,45.27,45.0,45.24,30455,2013-07-11 05:00:00
821,45.22,45.49,45.17,45.41,17533,2013-07-12 05:00:00
822,45.63,45.68,45.41,45.6,50741,2013-07-15 05:00:00
823,45.73,45.73,45.2322,45.3175,14176,2013-07-16 05:00:00
824,45.54,45.54,45.27,45.39,38534,2013-07-17 05:00:00
825,45.35,45.6726,45.35,45.56,25778,2013-07-18 05:00:00
826,45.7,45.97,45.65,45.81,19331,2013-07-19 05:00:00
827,45.89,46.11,45.81,46.0085,17197,2013-07-22 05:00:00
828,46.15,46.17,45.8558,45.9491,12232,2013-07-23 05:00:00
829,46.0,46.129,45.69,45.77,13377,2013-07-24 05:00:00
830,45.74,46.4,45.5701,46.37,8722,2013-07-25 05:00:00
831,46.27,46.34,45.8279,46.29,17297,2013-07-26 05:00:00
832,46.21,46.42,46.03,46.22,35161,2013-07-29 05:00:00
833,46.37,46.4099,46.055,46.27,15775,2013-07-30 05:00:00
834,46.75,47.41,46.6401,47.25,14067,2013-07-31 05:00:00
835,47.37,47.7199,47.27,47.71,22418,2013-08-01 05:00:00
836,47.89,47.89,47.4195,47.49,36300,2013-08-02 05:00:00
837,47.47,47.83,47.56,47.83,22975,2013-08-05 05:00:00
838,48.07,48.08,47.5386,47.63,30165,2013-08-06 05:00:00
839,47.71,47.71,47.15,47.1843,29078,2013-08-07 05:00:00
840,47.6,47.6,47.2582,47.4305,12482,2013-08-08 05:00:00
841,47.35,47.9145,47.35,47.759,10410,2013-08-09 05:00:00
842,47.88,47.9,47.71,47.87,149060,2013-08-12 05:00:00
843,47.99,47.99,47.52,47.96,63303,2013-08-13 05:00:00
844,47.99,47.944,47.6539,47.6539,8183,2013-08-14 05:00:00
845,47.25,47.25,46.64,46.71,21133,2013-08-15 05:00:00
846,46.58,46.92,46.45,46.62,14363,2013-08-16 05:00:00
847,46.5,46.819,46.37,46.5,15295,2013-08-19 05:00:00
848,46.35,47.1199,46.35,47.0875,12823,2013-08-20 05:00:00
849,47.1,47.3652,46.7001,47.032,7710,2013-08-21 05:00:00
850,47.07,48.26,45.8,47.282,14506,2013-08-22 05:00:00
851,47.35,47.57,47.3,47.57,8486,2013-08-23 05:00:00
852,47.73,48.1,47.5101,47.72,21722,2013-08-26 05:00:00
853,47.42,47.54,46.77,46.83,12410,2013-08-27 05:00:00
854,46.64,46.91,46.6,46.75,11083,2013-08-28 05:00:00
855,46.72,47.396,46.7699,47.32,15443,2013-08-29 05:00:00
856,47.38,47.38,46.5999,46.7,13758,2013-08-30 05:00:00
857,47.58,47.58,46.75,47.05,35210,2013-09-03 05:00:00
858,47.0,47.306,47.0,47.25,8312,2013-09-04 05:00:00
859,47.26,47.63,47.302,47.58,14516,2013-09-05 05:00:00
860,47.65,47.73,46.67,47.22,16682,2013-09-06 05:00:00
861,47.28,48.01,47.28,48.01,36273,2013-09-09 05:00:00
862,48.03,48.3,47.991,48.3,27024,2013-09-10 05:00:00
863,48.28,48.49,48.216,48.31,17661,2013-09-11 05:00:00
864,48.4,48.4,47.9999,47.9999,16641,2013-09-12 05:00:00
865,48.19,48.6399,48.072,48.54,11441,2013-09-13 05:00:00
866,48.94,49.2,48.59,48.66,20498,2013-09-16 05:00:00
867,48.58,49.06,48.58,49.06,18130,2013-09-17 05:00:00
868,49.13,49.2918,48.5101,49.05,13888,2013-09-18 05:00:00
869,49.01,49.2299,48.65,48.7,35918,2013-09-19 05:00:00
870,48.94,48.94,48.21,48.21,15741,2013-09-20 05:00:00
871,48.21,48.37,47.71,48.35,70867,2013-09-23 05:00:00
872,48.63,48.86,48.1955,48.5,16308,2013-09-24 05:00:00
873,48.68,48.66,48.26,48.3,31644,2013-09-25 05:00:00
874,48.5,48.87,48.4634,48.83,11100,2013-09-26 05:00:00
875,48.58,48.83,48.58,48.76,20491,2013-09-27 05:00:00
876,48.37,49.06,48.37,49.06,15682,2013-09-30 05:00:00
877,48.91,49.73,48.91,49.73,29929,2013-10-01 05:00:00
878,49.48,49.71,49.385,49.56,18897,2013-10-02 05:00:00
879,49.59,49.59,48.75,49.1656,11392,2013-10-03 05:00:00
880,49.33,49.65,49.1,49.46,18677,2013-10-04 05:00:00
881,49.07,49.26,48.7301,48.802,13380,2013-10-07 05:00:00
882,48.7,48.8696,48.0301,48.1785,29767,2013-10-08 05:00:00
883,48.13,48.15,47.61,47.9,14801,2013-10-09 05:00:00
884,48.49,49.0,48.49,48.92,22844,2013-10-10 05:00:00
885,48.82,49.5,48.74,49.5,31123,2013-10-11 05:00:00
886,49.38,49.91,49.1379,49.87,25378,2013-10-14 05:00:00
887,49.86,49.86,49.231,49.3,17232,2013-10-15 05:00:00
888,49.8,50.21,49.746,50.19,20928,2013-10-16 05:00:00
889,50.18,50.71,50.04,50.68,42554,2013-10-17 05:00:00
890,51.4,51.84,51.3219,51.84,72480,2013-10-18 05:00:00
891,52.25,52.25,51.47,51.66,112293,2013-10-21 05:00:00
892,51.87,52.17,51.58,51.65,39101,2013-10-22 05:00:00
893,51.54,51.93,51.13,51.85,33100,2013-10-23 05:00:00
894,52.23,52.56,52.15,52.45,36173,2013-10-24 05:00:00
895,52.4,52.5,51.922,52.03,34883,2013-10-25 05:00:00
896,52.27,52.27,51.78,52.0,37015,2013-10-28 05:00:00
897,52.4,52.4,51.92,52.18,69129,2013-10-29 05:00:00
898,52.04,51.85,50.774,50.969,45001,2013-10-30 05:00:00
899,50.84,51.41,50.73,51.0,45735,2013-10-31 05:00:00
900,51.06,51.06,50.25,50.6474,15544,2013-11-01 05:00:00
901,50.87,51.6976,50.87,51.6976,15262,2013-11-04 06:00:00
902,51.6,51.89,51.3,51.8855,13038,2013-11-05 06:00:00
903,52.25,52.25,51.17,51.383,29962,2013-11-06 06:00:00
904,51.39,51.46,50.51,50.53,22408,2013-11-07 06:00:00
905,51.12,52.44,50.85,52.43,26972,2013-11-08 06:00:00
906,52.8,53.072,52.689,52.93,39990,2013-11-11 06:00:00
907,52.85,53.22,52.53,53.22,31501,2013-11-12 06:00:00
908,53.26,53.57,52.9,53.57,24524,2013-11-13 06:00:00
909,53.7,53.7,53.0711,53.222,43131,2013-11-14 06:00:00
910,53.34,53.67,53.11,53.67,30530,2013-11-15 06:00:00
911,53.61,53.94,53.1098,53.1963,42252,2013-11-18 06:00:00
912,53.09,53.48,52.93,53.09,24808,2013-11-19 06:00:00
913,53.0619,53.47,52.99,53.0619,23102,2013-11-20 06:00:00
914,54.233,54.2,53.27,54.233,20118,2013-11-21 06:00:00
915,54.696,54.55,54.2,54.696,25181,2013-11-22 06:00:00
916,54.575,54.75,54.43,54.575,33455,2013-11-25 06:00:00
917,55.01,55.02,54.45,55.01,30684,2013-11-26 06:00:00
918,55.33,55.33,54.75,55.33,172986,2013-11-27 06:00:00
919,55.51,55.6,55.36,55.51,45210,2013-11-29 06:00:00
920,55.0401,55.35,54.93,55.0401,56175,2013-12-02 06:00:00
921,54.99,55.13,54.72,54.99,22892,2013-12-03 06:00:00
922,54.5975,55.01,54.04,54.5975,39962,2013-12-04 06:00:00
923,54.62,54.65,54.35,54.62,30086,2013-12-05 06:00:00
924,54.8,55.03,54.63,54.8,27956,2013-12-06 06:00:00
925,54.76,54.78,54.38,54.76,51428,2013-12-09 06:00:00
926,54.19,54.57,54.01,54.19,27760,2013-12-10 06:00:00
927,53.27,54.26,53.03,53.27,21866,2013-12-11 06:00:00
928,53.25,53.45,53.09,53.25,36506,2013-12-12 06:00:00
929,53.6,53.69,53.24,53.6,18801,2013-12-13 06:00:00
930,53.97,54.0,53.64,53.97,29591,2013-12-16 06:00:00
931,53.63,53.86,53.19,53.63,43634,2013-12-17 06:00:00
932,54.22,54.14,53.26,54.22,15756,2013-12-18 06:00:00
933,54.22,54.22,53.44,53.68,519483,2013-12-19 06:00:00
934,53.74,54.7537,53.68,54.74,34369,2013-12-20 06:00:00
935,55.09,55.25,54.8042,55.25,21868,2013-12-23 06:00:00
936,55.2,55.35,55.1,55.25,24172,2013-12-24 06:00:00
937,55.49,55.55,55.07,55.39,55101,2013-12-26 06:00:00
938,55.38,55.38,54.84,55.16,22889,2013-12-27 06:00:00
939,55.06,55.21,54.75,55.12,31752,2013-12-30 06:00:00
940,55.17,55.4,55.05,55.12,17420,2013-12-31 06:00:00
941,55.0,55.06,54.25,54.71,181844,2014-01-02 06:00:00
942,54.66,54.977,54.63,54.87,25855,2014-01-03 06:00:00
943,55.03,55.03,54.2902,54.55,32328,2014-01-06 06:00:00
944,54.71,55.28,54.71,55.16,38383,2014-01-07 06:00:00
945,55.21,55.21,54.862,55.14,22562,2014-01-08 06:00:00
946,55.39,55.56,55.1001,55.54,27147,2014-01-09 06:00:00
947,55.56,56.03,55.2865,56.03,30410,2014-01-10 06:00:00
948,56.06,56.18,55.0624,55.251,34019,2014-01-13 06:00:00
949,55.5,56.19,55.4785,56.19,39949,2014-01-14 06:00:00
950,56.38,56.6901,56.3001,56.669,30908,2014-01-15 06:00:00
951,56.82,56.999,56.5,56.8072,23079,2014-01-16 06:00:00
952,57.25,57.25,56.48,56.58,29135,2014-01-17 06:00:00
953,57.01,57.01,56.5,56.96,33371,2014-01-21 06:00:00
954,57.27,57.27,56.76,57.08,77555,2014-01-22 06:00:00
955,57.06,57.06,56.25,56.69,40817,2014-01-23 06:00:00
956,56.37,56.37,55.2,55.5,57400,2014-01-24 06:00:00
957,55.51,55.51,53.94,54.65,68465,2014-01-27 06:00:00
958,54.55,55.2372,54.54,55.146,25909,2014-01-28 06:00:00
959,54.78,55.1894,54.25,54.7,25881,2014-01-29 06:00:00
960,55.01,55.67,55.01,55.44,18252,2014-01-30 06:00:00
961,54.5,55.0901,54.31,54.9,12209,2014-01-31 06:00:00
962,54.79,54.79,52.8932,53.13,88280,2014-02-03 06:00:00
963,53.32,53.4,52.77,52.96,28382,2014-02-04 06:00:00
964,52.9,53.332,52.002,53.175,68593,2014-02-05 06:00:00
965,53.22,53.22,52.5,52.72,13967,2014-02-06 06:00:00
966,52.75,53.22,52.62,53.22,29853,2014-02-07 06:00:00
967,53.27,53.39,52.6984,53.39,22460,2014-02-10 06:00:00
968,53.62,53.9885,53.42,53.88,27484,2014-02-11 06:00:00
969,54.08,54.3899,53.84,53.97,97946,2014-02-12 06:00:00
970,53.47,54.85,53.02,54.82,94486,2014-02-13 06:00:00
971,54.82,55.09,54.67,54.91,24651,2014-02-14 06:00:00
972,55.0,56.12,55.0,56.0601,26923,2014-02-18 06:00:00
973,55.99,56.36,55.5,55.5,38474,2014-02-19 06:00:00
974,55.57,56.42,55.21,56.4199,27347,2014-02-20 06:00:00
975,56.59,56.71,56.26,56.26,27512,2014-02-21 06:00:00
976,56.32,57.03,56.32,56.86,34420,2014-02-24 06:00:00
977,56.94,56.94,56.18,56.218,27687,2014-02-25 06:00:00
978,56.32,57.09,56.21,56.39,33803,2014-02-26 06:00:00
979,56.45,56.45,55.86,56.07,38153,2014-02-27 06:00:00
980,56.15,56.25,55.22,55.311,26305,2014-02-28 06:00:00
981,54.68,55.264,54.43,54.98,79055,2014-03-03 06:00:00
982,55.78,56.94,55.66,56.65,26225,2014-03-04 06:00:00
983,56.61,56.61,56.2221,56.59,22226,2014-03-05 06:00:00
984,56.8,56.8,55.95,56.13,52045,2014-03-06 06:00:00
985,56.16,56.3553,55.44,55.98,57713,2014-03-07 06:00:00
986,55.97,56.071,55.5901,56.02,19880,2014-03-10 05:00:00
987,56.26,56.466,55.3832,55.55,12837,2014-03-11 05:00:00
988,55.3,55.845,55.1049,55.82,19631,2014-03-12 05:00:00
989,56.14,56.14,54.85,54.96,16341,2014-03-13 05:00:00
990,54.92,55.46,54.9,55.33,15568,2014-03-14 05:00:00
991,55.53,55.99,55.51,55.541,11270,2014-03-17 05:00:00
992,55.46,56.609,55.46,56.609,53530,2014-03-18 05:00:00
993,56.59,56.6265,56.1625,56.19,14464,2014-03-19 05:00:00
994,56.28,56.61,56.1181,56.14,9150,2014-03-20 05:00:00
995,56.28,56.2901,55.32,55.3301,12117,2014-03-21 05:00:00
996,55.55,55.55,53.86,54.2937,23860,2014-03-24 05:00:00
997,54.49,54.99,53.57,54.05,15802,2014-03-25 05:00:00
998,54.16,54.38,53.3201,53.3201,19908,2014-03-26 05:00:00
999,53.26,53.72,52.91,53.3892,18185,2014-03-27 05:00:00
1000,53.41,54.0,52.78,52.84,13605,2014-03-28 05:00:00
1001,52.93,54.27,52.93,54.175,46506,2014-03-31 05:00:00
1002,54.2,54.999,54.2,54.86,52978,2014-04-01 05:00:00
1003,55.02,55.02,54.6268,54.89,16419,2014-04-02 05:00:00
1004,54.94,54.99,54.09,54.61,8227,2014-04-03 05:00:00
1005,54.86,54.93,52.57,52.77,34442,2014-04-04 05:00:00
1006,53.3,53.48,52.24,52.71,292645,2014-04-07 05:00:00
1007,52.7,53.38,52.2,53.16,27034,2014-04-08 05:00:00
1008,53.74,54.4525,53.5488,54.4525,13478,2014-04-09 05:00:00
1009,54.27,54.282,52.57,52.82,10266,2014-04-10 05:00:00
1010,52.09,52.89,51.65,51.88,54173,2014-04-11 05:00:00
1011,52.41,52.79,51.55,52.1136,29468,2014-04-14 05:00:00
1012,52.35,52.5015,50.83,52.21,43139,2014-04-15 05:00:00
1013,52.3,52.53,52.19,52.47,28312,2014-04-16 05:00:00
1014,52.46,52.728,52.06,52.639,8920,2014-04-17 05:00:00
1015,52.64,53.23,52.65,53.23,10829,2014-04-21 05:00:00
1016,53.11,53.6001,53.11,53.55,11229,2014-04-22 05:00:00
1017,53.32,53.542,53.1481,53.542,12121,2014-04-23 05:00:00
1018,53.71,53.73,52.83,53.16,9885,2014-04-24 05:00:00
1019,53.03,53.06,52.5189,52.69,7465,2014-04-25 05:00:00
1020,52.64,52.81,51.4,52.17,19684,2014-04-28 05:00:00
1021,52.7,52.74,52.3699,52.72,11928,2014-04-29 05:00:00
1022,52.37,52.65,51.9007,52.65,28347,2014-04-30 05:00:00
1023,52.27,52.93,52.09,52.76,10042,2014-05-01 05:00:00
1024,52.72,52.9226,52.451,52.6,31889,2014-05-02 05:00:00
1025,52.23,52.97,52.148,52.87,11396,2014-05-05 05:00:00
1026,52.63,52.68,51.9,51.95,7730,2014-05-06 05:00:00
1027,51.91,51.91,51.02,51.6,46838,2014-05-07 05:00:00
1028,51.85,52.52,51.2492,51.2492,25569,2014-05-08 05:00:00
1029,51.15,51.923,50.9,51.88,18460,2014-05-09 05:00:00
1030,52.08,53.11,52.08,52.93,11838,2014-05-12 05:00:00
1031,53.02,53.04,52.38,52.38,18678,2014-05-13 05:00:00
1032,52.35,52.24,51.834,51.9226,9250,2014-05-14 05:00:00
1033,51.6799,52.452,51.31,52.375,23496,2014-05-15 05:00:00
1034,52.21,52.7,52.11,52.682,13308,2014-05-16 05:00:00
1035,52.47,53.4693,52.47,53.29,8556,2014-05-19 05:00:00
1036,53.07,53.096,52.51,52.78,10557,2014-05-20 05:00:00
1037,52.58,53.148,52.9199,52.99,7586,2014-05-21 05:00:00
1038,53.06,53.69,53.06,53.482,7231,2014-05-22 05:00:00
1039,53.27,53.9999,53.27,53.93,14242,2014-05-23 05:00:00
1040,54.19,54.72,54.19,54.72,7910,2014-05-27 05:00:00
1041,54.8,54.8,54.17,54.23,17033,2014-05-28 05:00:00
1042,54.3,54.543,54.29,54.38,16259,2014-05-29 05:00:00
1043,54.48,54.488,54.06,54.22,10132,2014-05-30 05:00:00
1044,54.2,54.2,53.34,54.114,9270,2014-06-02 05:00:00
1045,53.66,54.158,53.66,54.102,25936,2014-06-03 05:00:00
1046,53.87,54.484,53.79,54.45,42698,2014-06-04 05:00:00
1047,53.86,55.379,53.91,55.2,22489,2014-06-05 05:00:00
1048,55.58,55.918,55.53,55.6501,11136,2014-06-06 05:00:00
1049,55.55,56.2,55.55,55.977,10786,2014-06-09 05:00:00
1050,55.75,55.75,55.3301,55.73,3974,2014-06-10 05:00:00
1051,55.6,55.5599,55.1301,55.399,7117,2014-06-11 05:00:00
1052,55.08,55.25,54.85,54.99,3391,2014-06-12 05:00:00
1053,55.1435,55.1435,54.6,54.91,5843,2014-06-13 05:00:00
1054,54.8,55.18,54.8,55.1171,4601,2014-06-16 05:00:00
1055,55.53,55.59,55.4177,55.437,6433,2014-06-17 05:00:00
1056,55.57,55.91,55.18,55.888,21935,2014-06-18 05:00:00
1057,55.93,56.05,55.63,56.05,21504,2014-06-19 05:00:00
1058,56.02,56.5,55.94,56.47,11463,2014-06-20 05:00:00
1059,56.5,56.55,56.03,56.1443,5379,2014-06-23 05:00:00
1060,56.21,56.489,55.7501,55.7501,6604,2014-06-24 05:00:00
1061,55.51,55.9599,55.4,55.89,17751,2014-06-25 05:00:00
1062,55.84,55.94,55.51,55.76,26024,2014-06-26 05:00:00
1063,55.58,56.1401,55.58,56.1401,4570,2014-06-27 05:00:00
1064,56.04,56.43,56.01,56.42,9998,2014-06-30 05:00:00
1065,56.65,57.73,56.65,57.63,7906,2014-07-01 05:00:00
1066,57.61,57.7499,57.52,57.648,13886,2014-07-02 05:00:00
1067,57.7928,58.08,57.7732,58.0799,2898,2014-07-03 05:00:00
1068,57.92,57.78,57.0,57.0,6777,2014-07-07 05:00:00
1069,56.63,56.62,55.82,56.03,15352,2014-07-08 05:00:00
1070,56.03,56.23,55.811,56.23,9247,2014-07-09 05:00:00
1071,54.72,56.46,54.7,56.3,18838,2014-07-10 05:00:00
1072,56.09,56.38,55.87,56.278,7025,2014-07-11 05:00:00
1073,56.76,56.929,56.542,56.6599,9433,2014-07-14 05:00:00
1074,56.58,56.58,55.7,55.772,6783,2014-07-15 05:00:00
1075,55.62,55.7,55.19,55.19,9009,2014-07-16 05:00:00
1076,54.88,55.3819,54.47,54.49,8806,2014-07-17 05:00:00
1077,54.6,55.5,54.7,55.4301,4569,2014-07-18 05:00:00
1078,55.17,55.1899,54.84,55.09,6212,2014-07-21 05:00:00
1079,55.33,56.1299,55.33,55.67,15034,2014-07-22 05:00:00
1080,55.62,56.07,55.62,55.89,23394,2014-07-23 05:00:00
1081,56.0,56.2601,55.75,55.84,10272,2014-07-24 05:00:00
1082,55.37,55.5,54.351,55.25,12273,2014-07-25 05:00:00
1083,55.33,55.53,54.8675,55.36,14041,2014-07-28 05:00:00
1084,55.37,55.75,55.37,55.44,7900,2014-07-29 05:00:00
1085,55.18,56.01,55.18,55.95,7250,2014-07-30 05:00:00
1086,55.16,55.36,54.57,54.8099,17898,2014-07-31 05:00:00
1087,54.7,54.814,53.9237,54.35,16575,2014-08-01 05:00:00
1088,54.69,55.21,54.2099,54.95,9085,2014-08-04 05:00:00
1089,54.91,55.263,54.6701,55.05,15193,2014-08-05 05:00:00
1090,54.56,55.286,54.56,55.06,10590,2014-08-06 05:00:00
1091,55.27,55.27,54.564,54.564,4313,2014-08-07 05:00:00
1092,54.91,54.91,54.31,54.8,6492,2014-08-08 05:00:00
1093,55.01,55.5299,54.8911,55.12,5927,2014-08-11 05:00:00
1094,54.89,55.09,54.7801,54.91,15855,2014-08-12 05:00:00
1095,54.85,55.6999,54.85,55.6,7899,2014-08-13 05:00:00
1096,55.75,55.7899,55.5701,55.7223,3910,2014-08-14 05:00:00
1097,55.96,56.1906,55.19,55.6,12698,2014-08-15 05:00:00
1098,56.16,56.4201,55.86,56.3648,7025,2014-08-18 05:00:00
1099,56.38,56.757,56.38,56.73,23006,2014-08-19 05:00:00
1100,56.191,56.451,56.116,56.37,10222,2014-08-20 05:00:00
1101,56.15,56.234,55.5701,56.186,12225,2014-08-21 05:00:00
1102,56.19,56.335,55.87,56.08,5259,2014-08-22 05:00:00
1103,56.1,56.7099,56.1,56.15,4875,2014-08-25 05:00:00
1104,56.11,56.9099,56.3,56.82,5520,2014-08-26 05:00:00
1105,57.05,57.05,56.75,56.81,5969,2014-08-27 05:00:00
1106,56.69,56.78,56.37,56.406,4552,2014-08-28 05:00:00
1107,56.7,56.93,56.35,56.81,9807,2014-08-29 05:00:00
1108,56.86,57.0899,56.6302,57.03,8517,2014-09-02 05:00:00
1109,57.1,57.3399,56.8,56.8,7576,2014-09-03 05:00:00
1110,56.75,57.32,56.34,56.34,5002,2014-09-04 05:00:00
1111,56.25,56.41,55.948,56.36,8010,2014-09-05 05:00:00
1112,56.15,56.5461,56.15,56.5461,7048,2014-09-08 05:00:00
1113,56.6,56.6,55.8739,55.8739,6394,2014-09-09 05:00:00
1114,55.94,56.357,55.9,56.26,6654,2014-09-10 05:00:00
1115,55.93,56.75,55.93,56.75,5800,2014-09-11 05:00:00
1116,56.82,56.42,55.99,56.09,3110,2014-09-12 05:00:00
1117,56.18,56.18,55.3601,55.66,3272,2014-09-15 05:00:00
1118,55.338,55.7742,55.1,55.697,9389,2014-09-16 05:00:00
1119,55.57,56.0272,55.57,55.643,8034,2014-09-17 05:00:00
1120,55.83,56.28,55.83,56.09,5827,2014-09-18 05:00:00
1121,56.49,56.49,55.4158,55.47,6005,2014-09-19 05:00:00
1122,55.28,55.28,54.72,55.13,16157,2014-09-22 05:00:00
1123,54.83,55.04,54.56,54.56,18371,2014-09-23 05:00:00
1124,54.7,55.8,54.7,55.75,26021,2014-09-24 05:00:00
1125,55.77,55.3,54.63,54.88,33833,2014-09-25 05:00:00
1126,55.04,55.19,54.7501,55.1384,3766,2014-09-26 05:00:00
1127,54.48,55.4999,54.439,55.45,15677,2014-09-29 05:00:00
1128,55.35,55.55,55.0601,55.09,14257,2014-09-30 05:00:00
1129,54.91,54.91,54.09,54.42,43279,2014-10-01 05:00:00
1130,54.27,55.0599,54.17,54.96,5601,2014-10-02 05:00:00
1131,55.42,55.8399,55.49,55.5617,3276,2014-10-03 05:00:00
1132,55.58,55.74,55.0501,55.39,3325,2014-10-06 05:00:00
1133,54.85,54.85,54.1,54.1,8012,2014-10-07 05:00:00
1134,53.92,55.0919,53.76,55.0919,12718,2014-10-08 05:00:00
1135,55.26,55.34,54.2619,54.41,16965,2014-10-09 05:00:00
1136,54.22,54.99,54.17,54.17,19919,2014-10-10 05:00:00
1137,53.94,54.86,52.97,54.16,24084,2014-10-13 05:00:00
1138,54.47,55.1299,54.28,54.28,11402,2014-10-14 05:00:00
1139,53.58,54.296,52.84,54.296,19551,2014-10-15 05:00:00
1140,53.56,55.2,53.56,55.12,10368,2014-10-16 05:00:00
1141,55.5,55.37,54.6101,54.91,11532,2014-10-17 05:00:00
1142,54.89,55.49,54.89,55.452,7197,2014-10-20 05:00:00
1143,56.04,56.75,55.99,56.658,9662,2014-10-21 05:00:00
1144,56.78,57.01,56.18,56.18,38542,2014-10-22 05:00:00
1145,56.46,57.16,56.46,56.87,10578,2014-10-23 05:00:00
1146,57.23,57.3721,56.9325,57.21,4093,2014-10-24 05:00:00
1147,56.97,57.37,56.9099,57.29,10275,2014-10-27 05:00:00
1148,57.74,58.5,57.524,58.48,6293,2014-10-28 05:00:00
1149,58.75,59.05,58.16,58.62,51223,2014-10-29 05:00:00
1150,58.15,59.44,58.15,59.188,18720,2014-10-30 05:00:00
1151,60.2,60.2,59.842,60.11,9218,2014-10-31 05:00:00
1152,60.27,60.27,59.488,59.488,8752,2014-11-03 06:00:00
1153,59.54,59.7924,59.12,59.6522,4416,2014-11-04 06:00:00
1154,60.1,60.1,58.8401,58.97,7967,2014-11-05 06:00:00
1155,59.08,59.08,58.33,58.56,21929,2014-11-06 06:00:00
1156,57.95,57.964,57.4985,57.4985,4623,2014-11-07 06:00:00
1157,57.71,58.28,57.7001,58.2775,13125,2014-11-10 06:00:00
1158,58.14,58.59,58.14,58.4575,20727,2014-11-11 06:00:00
1159,58.19,58.98,58.11,58.9754,15090,2014-11-12 06:00:00
1160,58.99,59.28,58.6499,58.6618,5164,2014-11-13 06:00:00
1161,58.56,58.56,58.13,58.25,12120,2014-11-14 06:00:00
1162,57.97,58.3919,57.97,58.02,9114,2014-11-17 06:00:00
1163,58.24,58.83,58.35,58.4614,5887,2014-11-18 06:00:00
1164,58.19,58.24,57.65,57.9093,3341,2014-11-19 06:00:00
1165,57.51,58.49,57.48,58.4,6336,2014-11-20 06:00:00
1166,58.96,58.96,58.0901,58.28,7631,2014-11-21 06:00:00
1167,58.43,59.25,58.43,59.25,8290,2014-11-24 06:00:00
1168,59.18,59.48,59.12,59.222,26815,2014-11-25 06:00:00
1169,59.15,59.76,59.15,59.76,17087,2014-11-26 06:00:00
1170,59.56,60.45,60.0,60.02,4312,2014-11-28 06:00:00
1171,59.6,59.6,58.97,58.97,5678,2014-12-01 06:00:00
1172,58.97,59.7265,59.271,59.459,3325,2014-12-02 06:00:00
1173,59.42,60.15,59.42,60.15,3721,2014-12-03 06:00:00
1174,60.08,60.11,59.44,59.916,8766,2014-12-04 06:00:00
1175,59.78,60.17,59.76,59.971,8386,2014-12-05 06:00:00
1176,59.91,60.9,59.81,59.81,7760,2014-12-08 06:00:00
1177,59.14,60.962,59.14,60.84,6382,2014-12-09 06:00:00
1178,60.81,60.671,59.6199,59.6199,3265,2014-12-10 06:00:00
1179,59.78,60.43,59.9,59.9799,11102,2014-12-11 06:00:00
1180,59.56,59.9026,58.66,59.7991,7031,2014-12-12 06:00:00
1181,59.66,59.66,58.64,58.81,8990,2014-12-15 06:00:00
1182,58.57,59.3099,58.55,58.55,11462,2014-12-16 06:00:00
1183,58.47,59.61,58.396,59.38,72642,2014-12-17 06:00:00
1184,60.6,60.8699,60.356,60.8699,4085,2014-12-18 06:00:00
1185,61.17,61.173,60.7201,61.0,6217,2014-12-19 06:00:00
1186,61.04,61.37,60.8239,61.365,15677,2014-12-22 06:00:00
1187,61.29,61.29,60.39,60.5259,8370,2014-12-23 06:00:00
1188,59.64,59.8099,59.23,59.67,6626,2014-12-24 06:00:00
1189,59.81,60.44,59.96,60.2919,6543,2014-12-26 06:00:00
1190,60.36,60.36,60.02,60.149,2788,2014-12-29 06:00:00
1191,60.23,60.34,59.96,60.2099,7352,2014-12-30 06:00:00
1192,60.51,60.658,59.758,59.758,3864,2014-12-31 06:00:00
1193,59.88,60.4999,58.76,59.112,13710,2015-01-02 06:00:00
1194,58.64,59.26,58.6,58.87,19888,2015-01-05 06:00:00
1195,58.84,58.84,57.8,58.1101,9040,2015-01-06 06:00:00
1196,58.37,59.07,58.37,58.91,7623,2015-01-07 06:00:00
1197,59.5,60.59,59.5,60.54,11708,2015-01-08 06:00:00
1198,60.56,60.588,60.1899,60.26,7909,2015-01-09 06:00:00
1199,60.35,60.59,60.11,60.377,13706,2015-01-12 06:00:00
1200,60.86,61.337,60.0429,60.44,11324,2015-01-13 06:00:00
1201,60.11,60.71,60.11,60.6199,8696,2015-01-14 06:00:00
1202,60.59,60.59,59.4184,59.4184,5888,2015-01-15 06:00:00
1203,59.94,60.8,59.86,60.8,7912,2015-01-16 06:00:00
1204,61.47,61.47,59.8701,60.64,33430,2015-01-20 06:00:00
1205,60.67,60.6899,60.05,60.26,5502,2015-01-21 06:00:00
1206,60.47,61.15,59.65,61.0708,5835,2015-01-22 06:00:00
1207,61.369,61.43,61.1,61.1,20609,2015-01-23 06:00:00
1208,61.01,61.76,61.01,61.7168,7330,2015-01-26 06:00:00
1209,61.42,61.99,61.131,61.731,9344,2015-01-27 06:00:00
1210,62.43,62.43,61.3294,61.36,18219,2015-01-28 06:00:00
1211,61.33,61.56,60.812,61.56,21367,2015-01-29 06:00:00
1212,62.7,62.7,60.5508,60.5508,16223,2015-01-30 06:00:00
1213,60.45,60.629,59.72,60.629,8836,2015-02-02 06:00:00
1214,60.77,61.132,60.619,61.132,3592,2015-02-03 06:00:00
1215,60.85,61.5299,60.81,61.4292,4413,2015-02-04 06:00:00
1216,60.88,62.65,62.1203,62.65,4705,2015-02-05 06:00:00
1217,62.89,63.2401,62.7,62.896,13211,2015-02-06 06:00:00
1218,62.83,63.0,62.17,62.23,14219,2015-02-09 06:00:00
1219,62.79,62.9699,62.37,62.9652,10056,2015-02-10 06:00:00
1220,63.02,63.318,62.89,63.16,7351,2015-02-11 06:00:00
1221,63.74,63.74,63.29,63.5099,12867,2015-02-12 06:00:00
1222,63.73,63.82,63.42,63.774,32844,2015-02-13 06:00:00
1223,64.0,64.15,63.785,63.98,30083,2015-02-17 06:00:00
1224,64.07,64.49,63.8,64.4724,10767,2015-02-18 06:00:00
1225,64.52,64.82,64.59,64.68,6303,2015-02-19 06:00:00
1226,64.92,64.93,64.19,64.779,21214,2015-02-20 06:00:00
1227,64.95,65.366,64.59,65.07,9314,2015-02-23 06:00:00
1228,65.4,65.31,64.85,65.076,10095,2015-02-24 06:00:00
1229,65.4,65.5599,64.83,65.4,15307,2015-02-25 06:00:00
1230,65.54,66.198,65.54,66.0912,14569,2015-02-26 06:00:00
1231,66.03,66.41,66.18,66.18,9169,2015-02-27 06:00:00
1232,65.98,67.0158,65.98,67.0158,23043,2015-03-02 06:00:00
1233,66.99,66.99,66.116,66.3075,11070,2015-03-03 06:00:00
1234,66.35,66.7399,65.7,66.5028,9141,2015-03-04 06:00:00
1235,66.58,66.901,66.37,66.61,22219,2015-03-05 06:00:00
1236,66.11,66.41,65.58,65.58,9739,2015-03-06 06:00:00
1237,65.41,65.8299,65.27,65.8299,14054,2015-03-09 05:00:00
1238,65.33,65.67,64.8,65.306,10539,2015-03-10 05:00:00
1239,65.57,65.86,65.346,65.86,22665,2015-03-11 05:00:00
1240,67.21,67.21,66.178,66.95,14646,2015-03-12 05:00:00
1241,66.91,67.13,66.18,66.905,20971,2015-03-13 05:00:00
1242,67.34,67.83,67.0,67.3,39318,2015-03-16 05:00:00
1243,67.44,67.52,66.94,67.4699,28743,2015-03-17 05:00:00
1244,67.41,68.14,67.308,68.0956,16076,2015-03-18 05:00:00
1245,68.21,68.9,67.922,68.9,25602,2015-03-19 05:00:00
1246,69.44,69.345,68.798,68.931,15383,2015-03-20 05:00:00
1247,69.0,69.254,68.62,69.2169,18212,2015-03-23 05:00:00
1248,69.44,69.9299,69.37,69.571,17413,2015-03-24 05:00:00
1249,69.69,69.69,67.452,67.452,18243,2015-03-25 05:00:00
1250,67.06,67.93,66.7121,67.38,24982,2015-03-26 05:00:00
1251,67.2,68.33,67.2,68.3,19067,2015-03-27 05:00:00
1252,68.93,69.18,68.55,69.12,29109,2015-03-30 05:00:00
1253,68.63,69.12,68.63,68.93,19497,2015-03-31 05:00:00
1254,68.64,68.706,67.71,68.53,13820,2015-04-01 05:00:00
1255,68.82,69.002,68.4248,68.67,10902,2015-04-02 05:00:00
1256,68.34,68.87,68.34,68.68,17247,2015-04-06 05:00:00
1257,68.88,69.09,68.37,68.42,30957,2015-04-07 05:00:00
1258,68.24,69.4,68.24,69.37,21611,2015-04-08 05:00:00
1259,69.51,69.84,68.62,69.33,30372,2015-04-09 05:00:00
1260,70.36,70.36,69.2701,69.69,24076,2015-04-10 05:00:00
1261,70.37,70.37,69.7,69.75,38221,2015-04-13 05:00:00
1262,69.99,70.02,69.1399,69.55,26196,2015-04-14 05:00:00
1263,69.88,69.8896,69.54,69.61,20341,2015-04-15 05:00:00
1264,69.21,69.7499,69.16,69.36,21440,2015-04-16 05:00:00
1265,68.87,68.9,67.801,68.33,23747,2015-04-17 05:00:00
1266,68.84,69.2392,68.362,69.11,15022,2015-04-20 05:00:00
1267,69.33,69.5599,69.235,69.31,11264,2015-04-21 05:00:00
1268,69.3,69.45,68.6716,69.38,11237,2015-04-22 05:00:00
1269,69.35,70.5499,69.35,70.53,20237,2015-04-23 05:00:00
1270,70.71,70.75,70.3245,70.62,16855,2015-04-24 05:00:00
1271,70.92,71.25,69.0101,69.13,92188,2015-04-27 05:00:00
1272,68.92,69.54,67.7701,69.38,143019,2015-04-28 05:00:00
1273,68.77,69.2099,67.8901,68.31,14940,2015-04-29 05:00:00
1274,68.0,68.0,65.91,66.01,74958,2015-04-30 05:00:00
1275,65.8,67.77,65.66,66.71,44977,2015-05-01 05:00:00
1276,66.93,67.7699,66.93,67.1693,15131,2015-05-04 05:00:00
1277,67.5,67.57,66.3835,66.4471,14942,2015-05-05 05:00:00
1278,66.79,66.79,66.062,66.55,16715,2015-05-06 05:00:00
1279,66.64,67.362,65.5,66.95,21332,2015-05-07 05:00:00
1280,67.96,67.96,67.14,67.42,15185,2015-05-08 05:00:00
1281,67.79,68.211,67.67,67.67,11681,2015-05-11 05:00:00
1282,67.52,67.52,66.632,67.15,21224,2015-05-12 05:00:00
1283,67.11,67.424,66.9,67.0064,8213,2015-05-13 05:00:00
1284,67.72,68.11,67.01,67.9599,14810,2015-05-14 05:00:00
1285,68.12,68.12,67.53,67.95,11044,2015-05-15 05:00:00
1286,68.0,69.22,67.85,69.06,23916,2015-05-18 05:00:00
1287,69.09,69.36,68.888,69.1992,13784,2015-05-19 05:00:00
1288,69.61,69.71,69.01,69.6,22816,2015-05-20 05:00:00
1289,69.8,69.8,69.1094,69.46,12309,2015-05-21 05:00:00
1290,69.53,69.8504,69.058,69.356,8833,2015-05-22 05:00:00
1291,69.39,69.39,68.24,68.4501,17279,2015-05-26 05:00:00
1292,68.55,69.47,68.37,69.3,13869,2015-05-27 05:00:00
1293,69.31,69.56,68.928,69.418,17254,2015-05-28 05:00:00
1294,69.6,69.72,68.77,69.41,14468,2015-05-29 05:00:00
1295,69.5,69.9999,69.0499,69.685,14082,2015-06-01 05:00:00
1296,69.56,70.0499,69.176,69.68,15022,2015-06-02 05:00:00
1297,70.04,70.578,69.75,70.578,12642,2015-06-03 05:00:00
1298,70.52,70.52,69.67,69.706,14722,2015-06-04 05:00:00
1299,69.41,70.1701,69.22,70.1701,20700,2015-06-05 05:00:00
1300,70.36,70.481,70.12,70.28,14323,2015-06-08 05:00:00
1301,70.01,70.23,69.42,69.8458,12773,2015-06-09 05:00:00
1302,70.37,70.81,70.13,70.7202,12625,2015-06-10 05:00:00
1303,70.58,70.9999,70.58,70.88,18219,2015-06-11 05:00:00
1304,70.98,70.98,70.51,70.765,11063,2015-06-12 05:00:00
1305,70.35,70.97,69.58,70.82,16414,2015-06-15 05:00:00
1306,70.98,71.58,70.98,71.43,32409,2015-06-16 05:00:00
1307,71.91,71.941,71.6,71.64,23022,2015-06-17 05:00:00
1308,72.12,72.99,71.96,72.83,25750,2015-06-18 05:00:00
1309,73.17,73.31,72.65,73.25,114882,2015-06-19 05:00:00
1310,74.07,74.07,73.4483,73.78,34105,2015-06-22 05:00:00
1311,74.75,74.75,73.26,73.79,27979,2015-06-23 05:00:00
1312,74.41,74.41,72.5,72.66,26763,2015-06-24 05:00:00
1313,73.46,73.46,72.4701,72.98,19167,2015-06-25 05:00:00
1314,73.32,73.32,72.1501,72.38,21188,2015-06-26 05:00:00
1315,71.53,72.4699,70.58,70.58,38318,2015-06-29 05:00:00
1316,71.44,71.59,71.1429,71.27,38449,2015-06-30 05:00:00
1317,72.23,72.23,71.0,71.1264,16041,2015-07-01 05:00:00
1318,71.29,71.3,70.31,70.83,16817,2015-07-02 05:00:00
1319,69.94,71.45,69.89,71.21,14504,2015-07-06 05:00:00
1320,71.94,71.94,70.3007,71.85,27369,2015-07-07 05:00:00
1321,71.33,71.33,70.2518,70.5301,24571,2015-07-08 05:00:00
1322,71.87,71.87,70.84,71.0874,18492,2015-07-09 05:00:00
1323,72.22,72.64,71.8,72.59,11992,2015-07-10 05:00:00
1324,73.4,73.54,73.05,73.49,49264,2015-07-13 05:00:00
1325,73.68,74.19,73.595,74.09,31664,2015-07-14 05:00:00
1326,74.5,74.5,73.5648,73.6,26052,2015-07-15 05:00:00
1327,74.24,74.462,73.95,74.4,36121,2015-07-16 05:00:00
1328,74.82,74.94,74.05,74.5625,32499,2015-07-17 05:00:00
1329,75.42,75.42,73.7501,74.0,79961,2015-07-20 05:00:00
1330,74.34,74.34,73.17,74.15,59205,2015-07-21 05:00:00
1331,73.48,74.81,73.48,74.81,15562,2015-07-22 05:00:00
1332,75.0,75.0699,73.887,74.0,19559,2015-07-23 05:00:00
1333,74.0,74.0,72.88,73.02,20734,2015-07-24 05:00:00
1334,72.09,72.8,72.051,72.42,19304,2015-07-27 05:00:00
1335,72.61,73.08,71.43,73.17,15102,2015-07-28 05:00:00
1336,73.24,73.76,72.518,72.89,27494,2015-07-29 05:00:00
1337,72.39,73.1,72.14,73.1,19457,2015-07-30 05:00:00
1338,72.94,73.8799,72.94,73.51,23989,2015-07-31 05:00:00
1339,73.71,73.9299,72.598,72.986,16252,2015-08-03 05:00:00
1340,73.42,74.202,73.42,73.97,20408,2015-08-04 05:00:00
1341,74.85,75.495,74.5101,74.91,28402,2015-08-05 05:00:00
1342,75.34,75.3499,73.2672,73.71,16367,2015-08-06 05:00:00
1343,73.29,74.18,72.47,73.2,18185,2015-08-07 05:00:00
1344,74.22,74.4299,73.4833,73.8199,22153,2015-08-10 05:00:00
1345,73.5,74.11,73.15,73.53,24713,2015-08-11 05:00:00
1346,72.69,73.5199,72.18,73.38,37410,2015-08-12 05:00:00
1347,73.56,74.144,73.12,73.21,18798,2015-08-13 05:00:00
1348,73.29,73.52,72.54,73.51,17225,2015-08-14 05:00:00
1349,73.66,74.59,73.1956,74.4256,147770,2015-08-17 05:00:00
1350,74.69,74.7999,74.1101,74.1508,58731,2015-08-18 05:00:00
1351,74.5,74.5,73.04,73.71,27295,2015-08-19 05:00:00
1352,73.3,73.57,71.2101,71.46,49272,2015-08-20 05:00:00
1353,70.35,71.5899,69.22,70.71,84312,2015-08-21 05:00:00
1354,64.6,69.95,43.25,67.64,161834,2015-08-24 05:00:00
1355,68.0,70.1899,67.7901,67.85,135704,2015-08-25 05:00:00
1356,69.76,69.76,67.5,69.63,83956,2015-08-26 05:00:00
1357,70.81,71.005,69.55,70.57,133147,2015-08-27 05:00:00
1358,70.8,71.105,70.3663,70.94,15190,2015-08-28 05:00:00
1359,71.29,71.53,70.21,70.52,20682,2015-08-31 05:00:00
1360,69.26,69.886,68.58,68.77,48228,2015-09-01 05:00:00
1361,69.82,70.1499,68.8601,70.13,25401,2015-09-02 05:00:00
1362,70.76,70.85,69.64,69.86,39098,2015-09-03 05:00:00
1363,69.6912,70.1199,69.016,69.47,20064,2015-09-04 05:00:00
1364,70.85,71.6299,70.07,71.5001,23074,2015-09-08 05:00:00
1365,72.33,72.87,70.63,70.81,52520,2015-09-09 05:00:00
1366,70.91,71.4699,70.6657,71.23,13265,2015-09-10 05:00:00
1367,70.9,71.87,70.798,71.87,42519,2015-09-11 05:00:00
1368,72.23,72.23,71.37,71.66,27290,2015-09-14 05:00:00
1369,71.78,72.587,71.65,72.51,48988,2015-09-15 05:00:00
1370,72.82,72.82,72.09,72.68,35232,2015-09-16 05:00:00
1371,72.77,74.47,72.77,73.92,60363,2015-09-17 05:00:00
1372,72.87,73.88,72.87,73.15,29077,2015-09-18 05:00:00
1373,73.87,73.87,71.5925,72.16,40625,2015-09-21 05:00:00
1374,71.44,71.5899,70.561,71.18,34048,2015-09-22 05:00:00
1375,71.05,71.8799,70.9199,71.43,12944,2015-09-23 05:00:00
1376,70.72,71.0056,69.98,70.9,27723,2015-09-24 05:00:00
1377,71.64,71.64,68.2101,68.87,36293,2015-09-25 05:00:00
1378,68.5,68.51,64.0101,64.99,94942,2015-09-28 05:00:00
1379,64.73,65.56,63.094,63.695,66575,2015-09-29 05:00:00
1380,63.87,65.08,63.87,65.08,29120,2015-09-30 05:00:00
1381,65.13,65.13,63.752,64.51,14651,2015-10-01 05:00:00
1382,63.75,65.9,63.57,65.88,16807,2015-10-02 05:00:00
1383,66.83,67.12,65.9501,66.7,131257,2015-10-05 05:00:00
1384,66.49,67.1477,63.994,64.54,196064,2015-10-06 05:00:00
1385,65.12,65.75,64.11,65.49,22365,2015-10-07 05:00:00
1386,65.45,65.45,63.9301,65.085,15993,2015-10-08 05:00:00
1387,65.27,65.97,64.75,65.69,76305,2015-10-09 05:00:00
1388,65.85,66.47,65.52,66.47,82930,2015-10-12 05:00:00
1389,65.85,66.61,64.98,64.98,30120,2015-10-13 05:00:00
1390,65.19,65.3399,64.33,64.33,11557,2015-10-14 05:00:00
1391,64.4,66.46,64.4,66.46,11809,2015-10-15 05:00:00
1392,66.49,67.43,66.38,67.22,36223,2015-10-16 05:00:00
1393,67.12,68.4299,66.78,68.0314,20490,2015-10-19 05:00:00
1394,67.75,68.04,66.7186,66.84,18101,2015-10-20 05:00:00
1395,67.24,67.31,65.305,66.47,23906,2015-10-21 05:00:00
1396,66.38,66.38,63.33,64.05,46109,2015-10-22 05:00:00
1397,64.43,66.1295,64.43,65.93,30841,2015-10-23 05:00:00
1398,65.56,66.47,65.56,65.8,17075,2015-10-26 05:00:00
1399,65.8,66.62,65.78,66.34,8860,2015-10-27 05:00:00
1400,66.38,68.5,66.24,68.5,25132,2015-10-28 05:00:00
1401,68.2,68.5,66.652,66.82,10745,2015-10-29 05:00:00
1402,66.96,67.2401,66.6401,66.76,21633,2015-10-30 05:00:00
1403,67.33,69.0433,67.33,68.92,20945,2015-11-02 06:00:00
1404,68.83,69.723,68.72,69.57,8027,2015-11-03 06:00:00
1405,69.62,70.0399,69.25,69.7566,11843,2015-11-04 06:00:00
1406,69.59,69.77,68.852,69.6493,8121,2015-11-05 06:00:00
1407,69.45,70.7288,69.0,70.69,50122,2015-11-06 06:00:00
1408,70.7,70.7,69.607,69.85,19420,2015-11-09 06:00:00
1409,69.76,70.64,69.668,70.43,8480,2015-11-10 06:00:00
1410,70.55,70.55,69.12,69.12,21068,2015-11-11 06:00:00
1411,68.72,68.96,67.98,68.04,20254,2015-11-12 06:00:00
1412,67.75,69.0,67.57,68.7,28588,2015-11-13 06:00:00
1413,68.44,69.19,67.0,69.19,15551,2015-11-16 06:00:00
1414,69.45,70.16,69.21,69.63,18177,2015-11-17 06:00:00
1415,70.1526,70.92,69.86,70.92,55489,2015-11-18 06:00:00
1416,70.89,70.89,69.51,69.639,54883,2015-11-19 06:00:00
1417,69.73,70.92,69.73,70.52,18152,2015-11-20 06:00:00
1418,70.44,71.393,70.44,70.83,12869,2015-11-23 06:00:00
1419,70.6,71.4,70.402,71.26,12131,2015-11-24 06:00:00
1420,71.44,72.2399,71.44,72.08,9444,2015-11-25 06:00:00
1421,72.46,72.8,72.46,72.5826,16409,2015-11-27 06:00:00
1422,73.02,73.06,71.9101,72.298,11737,2015-11-30 06:00:00
1423,72.28,72.99,71.9937,72.88,21223,2015-12-01 06:00:00
1424,72.88,73.32,72.548,72.64,31028,2015-12-02 06:00:00
1425,72.97,72.97,70.39,70.95,36791,2015-12-03 06:00:00
1426,71.01,71.909,70.875,71.88,31157,2015-12-04 06:00:00
1427,71.71,71.71,70.58,70.8,60587,2015-12-07 06:00:00
1428,70.28,71.6999,70.28,71.6,16539,2015-12-08 06:00:00
1429,71.24,71.73,70.49,70.64,114280,2015-12-09 06:00:00
1430,70.64,71.97,70.5,71.11,30156,2015-12-10 06:00:00
1431,70.4,70.57,69.67,69.9,23539,2015-12-11 06:00:00
1432,69.98,70.55,68.831,69.54,33338,2015-12-14 06:00:00
1433,70.12,70.96,69.9901,70.83,21053,2015-12-15 06:00:00
1434,71.4,71.9085,70.98,71.9085,10299,2015-12-16 06:00:00
1435,72.07,72.2499,71.3255,71.47,14486,2015-12-17 06:00:00
1436,71.21,71.65,70.85,70.85,17303,2015-12-18 06:00:00
1437,71.42,71.4502,71.01,71.32,35706,2015-12-21 06:00:00
1438,71.105,71.7299,70.7734,71.6,16727,2015-12-22 06:00:00
1439,72.09,72.23,71.725,72.08,45541,2015-12-23 06:00:00
1440,72.08,72.721,72.08,72.29,21819,2015-12-24 06:00:00
1441,72.1,72.74,71.58,72.04,26522,2015-12-28 06:00:00
1442,72.62,73.43,72.62,73.36,50634,2015-12-29 06:00:00
1443,73.53,73.75,72.72,72.72,31692,2015-12-30 06:00:00
1444,72.81,72.81,71.765,71.87,92493,2015-12-31 06:00:00
1445,71.32,71.32,69.34,69.56,112931,2016-01-04 06:00:00
1446,69.64,70.3,69.61,69.7453,25388,2016-01-05 06:00:00
1447,69.12,69.856,68.78,69.23,79219,2016-01-06 06:00:00
1448,67.95,68.71,67.235,67.39,43965,2016-01-07 06:00:00
1449,67.44,68.22,66.05,66.165,41023,2016-01-08 06:00:00
1450,66.66,67.07,64.83,65.4778,69781,2016-01-11 06:00:00
1451,65.77,66.81,64.6045,65.86,129362,2016-01-12 06:00:00
1452,66.09,66.2938,63.531,63.75,44347,2016-01-13 06:00:00
1453,63.76,65.75,63.01,65.22,38226,2016-01-14 06:00:00
1454,63.12,64.73,63.02,64.73,27948,2016-01-15 06:00:00
1455,65.27,65.5199,63.1401,64.03,54662,2016-01-19 06:00:00
1456,63.0,65.455,61.8905,64.97,80500,2016-01-20 06:00:00
1457,65.01,65.344,64.0801,64.25,28332,2016-01-21 06:00:00
1458,65.16,65.55,64.78,65.5399,28533,2016-01-22 06:00:00
1459,64.85,65.9036,64.85,64.94,14865,2016-01-25 06:00:00
1460,65.35,65.81,64.504,65.8,29322,2016-01-26 06:00:00
1461,65.64,65.68,63.651,63.76,18221,2016-01-27 06:00:00
1462,64.47,64.47,62.1501,62.1661,35632,2016-01-28 06:00:00
1463,62.24,63.874,62.24,63.874,14793,2016-01-29 06:00:00
1464,63.64,64.6,63.412,64.45,21196,2016-02-01 06:00:00
1465,63.6,63.7651,62.79,63.08,23385,2016-02-02 06:00:00
1466,63.38,63.38,61.55,62.64,101767,2016-02-03 06:00:00
1467,62.28,63.4532,62.28,62.84,64090,2016-02-04 06:00:00
1468,62.5,62.5,60.14,60.16,32332,2016-02-05 06:00:00
1469,59.23,59.5208,57.85,58.6,91602,2016-02-08 06:00:00
1470,57.97,59.628,57.97,58.98,252753,2016-02-09 06:00:00
1471,59.13,60.1,58.872,58.89,99069,2016-02-10 06:00:00
1472,57.45,58.4358,56.89,58.09,115667,2016-02-11 06:00:00
1473,58.26,58.68,57.6101,58.5299,45653,2016-02-12 06:00:00
1474,59.27,60.01,58.94,60.01,63137,2016-02-16 06:00:00
1475,60.23,61.472,60.23,61.14,23836,2016-02-17 06:00:00
1476,61.19,61.32,60.45,60.47,16108,2016-02-18 06:00:00
1477,60.5144,61.18,60.004,61.1799,8466,2016-02-19 06:00:00
1478,61.52,61.95,61.39,61.58,68269,2016-02-22 06:00:00
1479,61.05,61.685,61.05,61.32,13064,2016-02-23 06:00:00
1480,60.48,61.88,59.87,61.85,29903,2016-02-24 06:00:00
1481,61.94,62.5,61.82,62.48,10420,2016-02-25 06:00:00
1482,62.79,63.0299,62.3401,62.96,16111,2016-02-26 06:00:00
1483,62.68,62.8299,61.73,61.73,54563,2016-02-29 06:00:00
1484,61.87,62.78,61.54,62.77,35896,2016-03-01 06:00:00
1485,62.91,63.36,62.81,63.36,17801,2016-03-02 06:00:00
1486,63.43,64.03,63.074,64.01,10421,2016-03-03 06:00:00
1487,64.12,64.79,63.7508,64.22,24115,2016-03-04 06:00:00
1488,64.24,65.5323,63.77,65.2,16191,2016-03-07 06:00:00
1489,64.9635,65.1599,63.5,63.58,32415,2016-03-08 06:00:00
1490,63.92,64.09,63.4361,63.94,12473,2016-03-09 06:00:00
1491,64.25,64.6185,63.19,63.4899,35906,2016-03-10 06:00:00
1492,64.166,65.3221,64.166,65.32,15298,2016-03-11 06:00:00
1493,65.3,65.32,64.54,64.91,16944,2016-03-14 05:00:00
1494,64.49,64.49,62.98,63.08,73649,2016-03-15 05:00:00
1495,62.83,63.2618,62.65,63.0999,12881,2016-03-16 05:00:00
1496,62.91,63.02,61.47,62.66,43957,2016-03-17 05:00:00
1497,62.88,64.1899,62.87,63.91,13276,2016-03-18 05:00:00
1498,63.7,64.16,63.56,63.77,11666,2016-03-21 05:00:00
1499,63.46,64.6075,63.46,64.3701,15151,2016-03-22 05:00:00
1500,64.36,64.36,63.26,63.26,6345,2016-03-23 05:00:00
1501,62.87,63.24,62.278,62.99,12214,2016-03-24 05:00:00
1502,62.97,63.3063,62.54,62.92,12205,2016-03-28 05:00:00
1503,62.67,65.61,62.67,65.6,14390,2016-03-29 05:00:00
1504,65.67,66.115,65.4717,65.7,9932,2016-03-30 05:00:00
1505,65.925,66.575,65.925,66.24,5829,2016-03-31 05:00:00
1506,65.81,67.2,65.751,67.1499,8502,2016-04-01 05:00:00
1507,67.06,67.45,66.63,66.7,9823,2016-04-04 05:00:00
1508,66.16,66.3582,65.7,65.73,15078,2016-04-05 05:00:00
1509,65.73,67.3,65.73,67.3,17457,2016-04-06 05:00:00
1510,67.04,67.827,66.92,67.29,9118,2016-04-07 05:00:00
1511,67.79,67.85,66.6001,67.11,21045,2016-04-08 05:00:00
1512,67.56,67.56,66.08,66.3,41034,2016-04-11 05:00:00
1513,66.3,66.925,66.05,66.82,15133,2016-04-12 05:00:00
1514,67.29,68.4999,67.29,68.43,8941,2016-04-13 05:00:00
1515,68.25,68.7664,68.25,68.66,6477,2016-04-14 05:00:00
1516,68.5,69.0099,68.3086,68.97,15358,2016-04-15 05:00:00
1517,68.58,69.8,68.55,69.67,13535,2016-04-18 05:00:00
1518,69.71,69.9599,69.01,69.28,10557,2016-04-19 05:00:00
1519,69.38,70.0,69.248,69.64,9784,2016-04-20 05:00:00
1520,69.59,70.6499,69.59,70.31,14762,2016-04-21 05:00:00
1521,70.54,71.1515,70.356,71.09,14437,2016-04-22 05:00:00
1522,71.04,71.04,70.25,70.47,13249,2016-04-25 05:00:00
1523,70.47,70.7999,69.6601,70.66,16476,2016-04-26 05:00:00
1524,70.71,71.3,70.5514,71.19,8968,2016-04-27 05:00:00
1525,70.63,71.3987,69.98,70.05,27455,2016-04-28 05:00:00
1526,69.77,70.08,68.9,69.4,15543,2016-04-29 05:00:00
1527,69.81,69.81,68.564,69.43,206482,2016-05-02 05:00:00
1528,69.0,69.255,68.31,68.6,18829,2016-05-03 05:00:00
1529,68.09,68.2601,67.35,67.62,31332,2016-05-04 05:00:00
1530,67.73,68.16,67.33,67.6,15115,2016-05-05 05:00:00
1531,67.73,67.73,66.73,67.57,7443,2016-05-06 05:00:00
1532,67.62,68.93,67.59,68.56,8622,2016-05-09 05:00:00
1533,67.97,68.5,67.8701,68.45,13493,2016-05-10 05:00:00
1534,68.2,68.83,67.324,67.38,14677,2016-05-11 05:00:00
1535,67.67,67.72,65.97,66.38,15039,2016-05-12 05:00:00
1536,66.4,66.956,66.4,66.59,9055,2016-05-13 05:00:00
1537,66.64,67.99,66.62,67.84,11214,2016-05-16 05:00:00
1538,67.75,67.91,66.4201,66.59,9422,2016-05-17 05:00:00
1539,66.35,67.91,66.35,67.59,33439,2016-05-18 05:00:00
1540,67.51,67.79,66.35,66.87,7749,2016-05-19 05:00:00
1541,67.08,67.82,67.08,67.77,11900,2016-05-20 05:00:00
1542,68.0,68.285,67.68,67.68,7023,2016-05-23 05:00:00
1543,68.04,69.49,68.02,69.25,32615,2016-05-24 05:00:00
1544,69.78,69.9399,69.38,69.5,15358,2016-05-25 05:00:00
1545,69.5,69.5,68.781,68.86,8878,2016-05-26 05:00:00
1546,68.95,69.7598,68.95,69.65,10338,2016-05-27 05:00:00
1547,69.44,70.3033,69.44,70.08,8834,2016-05-31 05:00:00
1548,69.98,71.1272,69.98,71.07,15366,2016-06-01 05:00:00
1549,71.265,71.78,71.26,71.71,13179,2016-06-02 05:00:00
1550,71.87,71.87,70.6361,71.21,17126,2016-06-03 05:00:00
1551,71.19,72.17,70.8526,71.9553,26347,2016-06-06 05:00:00
1552,71.78,72.4654,71.5577,72.05,9512,2016-06-07 05:00:00
1553,72.41,73.04,72.1435,72.95,14357,2016-06-08 05:00:00
1554,72.84,73.075,72.519,72.69,11150,2016-06-09 05:00:00
1555,72.01,72.01,71.15,71.39,10235,2016-06-10 05:00:00
1556,71.19,71.6482,70.56,70.56,14045,2016-06-13 05:00:00
1557,70.49,70.81,70.19,70.66,14229,2016-06-14 05:00:00
1558,71.0,71.24,70.55,70.63,14955,2016-06-15 05:00:00
1559,70.14,70.4684,69.49,70.4684,39020,2016-06-16 05:00:00
1560,70.45,70.45,69.0893,69.11,7793,2016-06-17 05:00:00
1561,69.97,70.96,69.97,70.43,10621,2016-06-20 05:00:00
1562,70.25,70.25,69.145,69.7,11541,2016-06-21 05:00:00
1563,69.6,70.31,69.14,69.37,8735,2016-06-22 05:00:00
1564,70.14,70.72,69.81,70.7,8745,2016-06-23 05:00:00
1565,67.2,69.3145,67.035,68.7799,22043,2016-06-24 05:00:00
1566,67.86,67.96,66.7,67.04,10289,2016-06-27 05:00:00
1567,66.8,68.68,66.8,68.46,15548,2016-06-28 05:00:00
1568,69.09,70.0399,69.09,69.98,60674,2016-06-29 05:00:00
1569,69.95,70.74,69.69,70.74,22767,2016-06-30 05:00:00
1570,70.35,71.5,70.35,71.5,18475,2016-07-01 05:00:00
1571,70.88,71.22,70.4,70.79,10309,2016-07-05 05:00:00
1572,70.48,71.65,70.44,71.65,13235,2016-07-06 05:00:00
1573,71.67,71.96,71.32,71.73,13843,2016-07-07 05:00:00
1574,72.37,73.2499,72.27,73.19,10931,2016-07-08 05:00:00
1575,73.24,74.1,73.24,73.9215,9554,2016-07-11 05:00:00
1576,74.21,74.5986,74.0801,74.3431,18194,2016-07-12 05:00:00
1577,74.69,74.69,73.9,73.97,6171,2016-07-13 05:00:00
1578,74.05,74.5,73.95,74.06,16496,2016-07-14 05:00:00
1579,74.29,74.595,73.77,74.0679,8319,2016-07-15 05:00:00
1580,73.96,74.0547,73.46,73.796,5946,2016-07-18 05:00:00
1581,73.69,73.88,73.02,73.23,10590,2016-07-19 05:00:00
1582,73.49,74.76,73.49,74.48,6658,2016-07-20 05:00:00
1583,74.45,74.6353,73.841,74.09,7978,2016-07-21 05:00:00
1584,73.701,74.0401,73.701,73.8501,7395,2016-07-22 05:00:00
1585,73.65,73.8327,73.6,73.6983,5900,2016-07-25 05:00:00
1586,73.768,74.05,73.66,73.89,4232,2016-07-26 05:00:00
1587,74.06,74.5505,74.0501,74.5505,6190,2016-07-27 05:00:00
1588,74.22,74.7,74.22,74.68,9618,2016-07-28 05:00:00
1589,74.2253,74.9588,73.971,74.5948,6277,2016-07-29 05:00:00
1590,74.7656,75.39,74.7656,74.8987,7071,2016-08-01 05:00:00
1591,74.71,74.755,73.4495,73.9399,8143,2016-08-02 05:00:00
1592,73.78,74.1102,73.442,74.0725,4092,2016-08-03 05:00:00
1593,74.09,74.54,73.97,74.12,6424,2016-08-04 05:00:00
1594,74.32,74.7863,74.32,74.52,6685,2016-08-05 05:00:00
1595,74.656,74.656,73.607,73.88,5606,2016-08-08 05:00:00
1596,73.69,74.24,73.69,74.14,18437,2016-08-09 05:00:00
1597,73.44,73.44,72.7001,73.09,9599,2016-08-10 05:00:00
1598,72.8567,73.232,72.77,73.18,48250,2016-08-11 05:00:00
1599,72.95,73.0773,72.8,73.0475,14539,2016-08-12 05:00:00
1600,73.04,73.76,73.04,73.6548,6056,2016-08-15 05:00:00
1601,73.4111,73.4111,72.88,72.88,4630,2016-08-16 05:00:00
1602,72.78,73.0,72.0391,72.389,49566,2016-08-17 05:00:00
1603,72.39,72.92,72.39,72.92,14172,2016-08-18 05:00:00
1604,72.57,72.7448,72.4,72.7271,3139,2016-08-19 05:00:00
1605,72.72,73.5092,72.72,73.2799,8059,2016-08-22 05:00:00
1606,73.47,74.08,73.47,73.8334,9540,2016-08-23 05:00:00
1607,73.8,74.485,72.7401,72.7801,4790,2016-08-24 05:00:00
1608,72.64,73.0814,72.19,72.4136,6332,2016-08-25 05:00:00
1609,72.53,73.0226,72.34,72.75,4845,2016-08-26 05:00:00
1610,72.86,73.56,72.86,73.39,12328,2016-08-29 05:00:00
1611,73.44,73.731,73.32,73.63,9505,2016-08-30 05:00:00
1612,73.52,73.52,72.9691,73.41,4040,2016-08-31 05:00:00
1613,73.54,73.54,72.845,73.18,10085,2016-09-01 05:00:00
1614,73.61,74.2354,73.61,74.2354,4246,2016-09-02 05:00:00
1615,74.4916,74.62,74.07,74.5255,7300,2016-09-06 05:00:00
1616,74.85,75.25,74.8011,75.25,6414,2016-09-07 05:00:00
1617,75.22,75.265,75.011,75.125,3957,2016-09-08 05:00:00
1618,74.57,74.57,73.3753,73.4518,4745,2016-09-09 05:00:00
1619,72.75,74.15,72.5201,74.15,7269,2016-09-12 05:00:00
1620,73.62,73.62,72.9686,73.27,14136,2016-09-13 05:00:00
1621,73.31,73.72,73.2847,73.3,5533,2016-09-14 05:00:00
1622,73.17,74.3893,73.17,74.31,7874,2016-09-15 05:00:00
1623,74.35,75.1149,74.35,75.0501,4864,2016-09-16 05:00:00
1624,75.25,75.83,74.9069,75.185,12016,2016-09-19 05:00:00
1625,75.5512,75.58,75.1101,75.3547,8713,2016-09-20 05:00:00
1626,75.4246,75.8796,74.7814,75.8796,7526,2016-09-21 05:00:00
1627,76.55,76.902,75.9501,76.8,27216,2016-09-22 05:00:00
1628,76.98,76.98,76.05,76.07,7029,2016-09-23 05:00:00
1629,75.44,75.44,74.6563,74.6563,4726,2016-09-26 05:00:00
1630,74.36,74.6699,74.0237,74.49,63835,2016-09-27 05:00:00
1631,74.6647,74.78,73.995,74.78,6257,2016-09-28 05:00:00
1632,74.62,74.62,72.88,72.97,16686,2016-09-29 05:00:00
1633,73.44,74.34,73.013,73.99,7220,2016-09-30 05:00:00
1634,73.59,73.99,73.235,73.99,13038,2016-10-03 05:00:00
1635,74.12,74.26,73.4301,73.6674,63696,2016-10-04 05:00:00
1636,74.0918,74.9093,74.0918,74.45,8599,2016-10-05 05:00:00
1637,74.19,74.19,73.33,73.83,8744,2016-10-06 05:00:00
1638,73.9899,73.99,73.1101,73.78,10865,2016-10-07 05:00:00
1639,74.17,75.2799,74.17,74.92,3879,2016-10-10 05:00:00
1640,75.06,75.06,72.7898,73.15,4741,2016-10-11 05:00:00
1641,73.39,73.5,72.682,72.7199,5829,2016-10-12 05:00:00
1642,72.5,72.5,72.0,72.27,10202,2016-10-13 05:00:00
1643,72.25,72.342,71.19,71.19,12377,2016-10-14 05:00:00
1644,71.1529,71.4571,70.992,71.02,5407,2016-10-17 05:00:00
1645,71.82,72.032,71.636,71.67,4206,2016-10-18 05:00:00
1646,71.63,71.63,71.0624,71.471,6796,2016-10-19 05:00:00
1647,71.04,71.523,71.04,71.4356,3767,2016-10-20 05:00:00
1648,71.0,71.0,70.51,70.59,5861,2016-10-21 05:00:00
1649,71.0901,71.463,70.92,70.9946,45618,2016-10-24 05:00:00
1650,70.88,71.15,69.85,69.95,81799,2016-10-25 05:00:00
1651,69.43,69.488,68.2985,68.63,41596,2016-10-26 05:00:00
1652,68.72,68.72,66.85,66.9,51580,2016-10-27 05:00:00
1653,66.75,67.14,66.57,66.77,37236,2016-10-28 05:00:00
1654,66.76,66.96,66.4,66.96,22749,2016-10-31 05:00:00
1655,66.96,66.97,65.39,66.205,50155,2016-11-01 05:00:00
1656,65.8,66.0811,65.3601,65.54,60008,2016-11-02 05:00:00
1657,65.25,65.5,63.5,63.5,30737,2016-11-03 05:00:00
1658,63.03,64.89,63.03,64.1986,12655,2016-11-04 05:00:00
1659,65.0,66.4307,64.99,66.34,25081,2016-11-07 06:00:00
1660,66.51,66.77,65.54,66.48,15267,2016-11-08 06:00:00
1661,66.34,67.7794,65.738,67.7794,26565,2016-11-09 06:00:00
1662,68.77,69.6247,68.5,69.25,11722,2016-11-10 06:00:00
1663,69.31,70.7,69.31,70.7,12070,2016-11-11 06:00:00
1664,71.49,72.0412,71.2303,71.62,30582,2016-11-14 06:00:00
1665,71.61,71.96,71.0609,71.85,8461,2016-11-15 06:00:00
1666,71.77,72.3506,71.562,71.562,6719,2016-11-16 06:00:00
1667,71.71,72.56,71.67,72.4168,55970,2016-11-17 06:00:00
1668,72.5904,72.6588,72.1114,72.38,21252,2016-11-18 06:00:00
1669,72.3963,72.4915,71.9892,72.3499,7077,2016-11-21 06:00:00
1670,72.64,72.64,71.39,72.05,41831,2016-11-22 06:00:00
1671,71.57,73.02,71.45,73.02,28234,2016-11-23 06:00:00
1672,73.1951,73.48,73.1,73.47,15664,2016-11-25 06:00:00
1673,73.18,73.18,72.23,72.39,12642,2016-11-28 06:00:00
1674,72.5125,72.8865,72.5,72.5,9625,2016-11-29 06:00:00
1675,72.7112,72.7112,71.6601,71.88,3845,2016-11-30 06:00:00
1676,71.945,72.043,70.619,70.95,14999,2016-12-01 06:00:00
1677,70.7,71.61,70.7,70.92,18869,2016-12-02 06:00:00
1678,71.41,72.2727,71.41,72.02,79910,2016-12-05 06:00:00
1679,72.34,72.67,71.45,72.6283,9310,2016-12-06 06:00:00
1680,72.33,72.33,71.0201,71.8347,14142,2016-12-07 06:00:00
1681,71.94,72.889,71.7427,72.42,20700,2016-12-08 06:00:00
1682,73.55,74.06,73.55,73.9152,11059,2016-12-09 06:00:00
1683,73.75,74.045,73.4698,73.65,15193,2016-12-12 06:00:00
1684,73.95,74.3099,73.8,73.8879,7644,2016-12-13 06:00:00
1685,73.96,74.09,73.0,73.0,8095,2016-12-14 06:00:00
1686,72.99,74.0799,72.99,73.94,6606,2016-12-15 06:00:00
1687,74.34,74.3999,73.624,73.84,53367,2016-12-16 06:00:00
1688,73.65,74.3299,73.53,73.79,7951,2016-12-19 06:00:00
1689,74.215,74.223,73.675,74.07,8742,2016-12-20 06:00:00
1690,74.0,74.036,73.6836,73.7172,4186,2016-12-21 06:00:00
1691,73.51,73.51,72.98,72.98,5446,2016-12-22 06:00:00
1692,72.93,73.88,72.93,73.8,8325,2016-12-23 06:00:00
1693,73.88,74.66,73.88,74.01,7060,2016-12-27 06:00:00
1694,73.85,73.85,72.93,73.03,28272,2016-12-28 06:00:00
1695,72.93,73.58,72.93,73.215,6917,2016-12-29 06:00:00
1696,72.9899,73.17,72.83,73.05,16978,2016-12-30 06:00:00
1697,72.79,73.9277,72.79,73.65,24367,2017-01-03 06:00:00
1698,73.9903,75.361,73.9532,75.34,10286,2017-01-04 06:00:00
1699,75.33,75.33,74.48,74.77,9678,2017-01-05 06:00:00
1700,74.95,74.95,74.4574,74.5347,19370,2017-01-06 06:00:00
1701,74.66,74.69,74.25,74.52,14168,2017-01-09 06:00:00
1702,74.0647,74.87,74.0647,74.75,23507,2017-01-10 06:00:00
1703,74.54,74.7213,73.62,74.14,7278,2017-01-11 06:00:00
1704,74.2,74.2,73.0,73.75,13492,2017-01-12 06:00:00
1705,73.94,74.8871,73.94,74.46,9120,2017-01-13 06:00:00
1706,73.84,73.84,73.23,73.32,12910,2017-01-17 06:00:00
1707,73.226,73.4,72.9546,73.4,19830,2017-01-18 06:00:00
1708,73.7,73.7,72.4881,72.559,13086,2017-01-19 06:00:00
1709,72.625,72.656,72.38,72.45,7520,2017-01-20 06:00:00
1710,72.33,72.56,72.01,72.17,9644,2017-01-23 06:00:00
1711,72.16,72.68,71.472,72.64,16603,2017-01-24 06:00:00
1712,73.14,73.4384,73.0701,73.4384,11276,2017-01-25 06:00:00
1713,73.0489,73.29,72.765,72.8,6930,2017-01-26 06:00:00
1714,72.62,73.06,72.62,73.01,11436,2017-01-27 06:00:00
1715,72.87,72.87,71.4232,71.76,11428,2017-01-30 06:00:00
1716,71.39,73.7285,71.39,73.5596,14739,2017-01-31 06:00:00
1717,73.83,74.25,73.79,73.99,8188,2017-02-01 06:00:00
1718,73.93,74.0294,73.45,73.6,9580,2017-02-02 06:00:00
1719,74.22,75.22,74.21,75.18,11943,2017-02-03 06:00:00
1720,75.04,75.04,74.42,74.57,59287,2017-02-06 06:00:00
1721,74.72,74.8211,74.004,74.16,11660,2017-02-07 06:00:00
1722,73.67,74.13,73.45,74.13,5771,2017-02-08 06:00:00
1723,74.08,75.68,74.08,75.66,7247,2017-02-09 06:00:00
1724,75.89,76.305,75.657,76.05,7493,2017-02-10 06:00:00
1725,76.49,76.55,75.92,76.04,10736,2017-02-13 06:00:00
1726,76.04,77.02,76.04,77.02,6718,2017-02-14 06:00:00
1727,76.65,78.02,76.65,77.9,12578,2017-02-15 06:00:00
1728,77.75,77.78,77.01,77.78,6876,2017-02-16 06:00:00
1729,77.6258,78.29,77.6,78.29,8788,2017-02-17 06:00:00
1730,78.4,78.7,78.03,78.49,10082,2017-02-21 06:00:00
1731,78.64,78.64,78.096,78.1537,9457,2017-02-22 06:00:00
1732,78.1496,78.2685,77.4086,78.1,7518,2017-02-23 06:00:00
1733,77.875,78.3336,77.78,78.0701,5931,2017-02-24 06:00:00
1734,78.31,79.49,78.31,79.43,7834,2017-02-27 06:00:00
1735,79.36,79.36,78.4601,78.4601,8379,2017-02-28 06:00:00
1736,79.28,79.6699,79.0561,79.3076,5329,2017-03-01 06:00:00
1737,78.598,79.5024,78.598,79.1,17200,2017-03-02 06:00:00
1738,79.0,79.2,78.602,78.86,6762,2017-03-03 06:00:00
1739,78.43,78.546,78.04,78.2601,9431,2017-03-06 06:00:00
1740,78.03,78.03,77.431,77.7,9583,2017-03-07 06:00:00
1741,78.0,78.3704,77.8,77.8,26820,2017-03-08 06:00:00
1742,78.08,78.11,77.4293,77.85,5803,2017-03-09 06:00:00
1743,78.3972,78.3972,77.48,78.1036,7334,2017-03-10 06:00:00
1744,78.1947,78.72,77.92,78.578,9256,2017-03-13 05:00:00
1745,78.35,78.35,77.57,77.841,3067,2017-03-14 05:00:00
1746,77.98,79.16,77.98,79.16,9158,2017-03-15 05:00:00
1747,78.94,78.94,78.33,78.655,10943,2017-03-16 05:00:00
1748,78.34,79.02,77.9,78.87,7096,2017-03-17 05:00:00
1749,79.33,79.93,79.33,79.78,7195,2017-03-20 05:00:00
1750,79.94,79.94,78.09,78.1513,7327,2017-03-21 05:00:00
1751,77.61,78.27,77.56,77.84,14168,2017-03-22 05:00:00
1752,78.15,78.3592,77.9341,78.2543,6280,2017-03-23 05:00:00
1753,78.02,78.75,78.02,78.67,8254,2017-03-24 05:00:00
1754,78.0,79.72,78.0,79.72,6515,2017-03-27 05:00:00
1755,79.69,79.86,79.1327,79.86,11982,2017-03-28 05:00:00
1756,79.77,80.1539,79.65,79.8243,12912,2017-03-29 05:00:00
1757,79.53,79.9462,79.3501,79.9462,3548,2017-03-30 05:00:00
1758,80.23,80.2445,79.9454,79.99,3271,2017-03-31 05:00:00
1759,80.36,80.36,78.95,78.98,6074,2017-04-03 05:00:00
1760,78.69,79.42,78.2876,78.49,27740,2017-04-04 05:00:00
1761,78.76,79.1537,77.5,77.6866,7219,2017-04-05 05:00:00
1762,77.45,78.113,77.45,78.06,26018,2017-04-06 05:00:00
1763,78.0,79.019,78.0,78.7606,6013,2017-04-07 05:00:00
1764,79.5199,79.5199,78.725,78.725,11248,2017-04-10 05:00:00
1765,78.65,79.3999,78.6,79.22,8614,2017-04-11 05:00:00
1766,79.33,79.33,78.4429,78.5,11944,2017-04-12 05:00:00
1767,78.4,78.7175,78.27,78.31,7864,2017-04-13 05:00:00
1768,78.24,78.813,78.24,78.813,5724,2017-04-17 05:00:00
1769,78.75,78.75,77.7401,78.27,11882,2017-04-18 05:00:00
1770,78.07,79.1051,77.95,78.85,8272,2017-04-19 05:00:00
1771,79.28,79.75,78.6787,79.75,7804,2017-04-20 05:00:00
1772,79.37,79.4523,79.0428,79.17,3509,2017-04-21 05:00:00
1773,80.27,80.38,79.97,79.97,7765,2017-04-24 05:00:00
1774,79.74,81.12,79.74,80.75,14095,2017-04-25 05:00:00
1775,80.8,81.85,80.8,81.65,10384,2017-04-26 05:00:00
1776,81.49,82.12,81.49,81.66,9861,2017-04-27 05:00:00
1777,81.8,82.1172,81.3601,81.78,5040,2017-04-28 05:00:00
1778,82.05,82.46,81.84,82.35,11196,2017-05-01 05:00:00
1779,82.5,82.825,82.265,82.3,37341,2017-05-02 05:00:00
1780,82.3,82.31,81.5301,81.67,19374,2017-05-03 05:00:00
1781,81.91,81.91,81.45,81.9049,3317,2017-05-04 05:00:00
1782,81.832,81.832,81.47,81.77,13796,2017-05-05 05:00:00
1783,81.89,81.89,81.32,81.5366,5931,2017-05-08 05:00:00
1784,81.47,82.34,81.47,82.19,9637,2017-05-09 05:00:00
1785,82.19,83.0429,81.75,82.96,7369,2017-05-10 05:00:00
1786,82.74,83.549,82.635,83.1728,6818,2017-05-11 05:00:00
1787,83.15,83.223,82.8001,82.8001,3986,2017-05-12 05:00:00
1788,83.19,83.58,83.19,83.27,9134,2017-05-15 05:00:00
1789,83.39,83.39,82.64,83.0,8017,2017-05-16 05:00:00
1790,82.0667,82.975,80.94,81.18,9122,2017-05-17 05:00:00
1791,81.1208,81.53,80.83,81.22,14380,2017-05-18 05:00:00
1792,81.76,81.85,81.39,81.52,6688,2017-05-19 05:00:00
1793,81.67,81.6702,81.1301,81.425,4690,2017-05-22 05:00:00
1794,81.64,81.64,81.13,81.35,8723,2017-05-23 05:00:00
1795,81.4432,82.075,81.4432,82.075,7447,2017-05-24 05:00:00
1796,82.2125,82.3388,81.91,82.27,11181,2017-05-25 05:00:00
1797,81.9,82.39,81.65,82.0408,7871,2017-05-26 05:00:00
1798,82.12,82.12,81.4,81.5686,3570,2017-05-30 05:00:00
1799,81.57,81.969,80.9,81.96,4220,2017-05-31 05:00:00
1800,81.78,83.45,81.78,83.45,6174,2017-06-01 05:00:00
1801,84.3,84.8,83.935,84.8,6377,2017-06-02 05:00:00
1802,84.82,84.82,83.24,83.5701,5111,2017-06-05 05:00:00
1803,83.12,83.9682,83.12,83.8591,5381,2017-06-06 05:00:00
1804,84.09,84.09,83.446,84.08,6910,2017-06-07 05:00:00
1805,84.09,85.18,84.09,85.11,7800,2017-06-08 05:00:00
1806,84.995,85.944,84.5,84.88,6523,2017-06-09 05:00:00
1807,85.0,85.0,83.77,84.04,6226,2017-06-12 05:00:00
1808,84.22,84.6799,84.15,84.53,6041,2017-06-13 05:00:00
1809,84.86,84.9699,84.32,84.58,3869,2017-06-14 05:00:00
1810,83.9979,84.29,83.6476,84.29,5716,2017-06-15 05:00:00
1811,84.0,84.51,83.7,84.51,7808,2017-06-16 05:00:00
1812,84.8377,85.56,84.8377,85.3197,4031,2017-06-19 05:00:00
1813,85.8491,85.95,85.2621,85.34,8224,2017-06-20 05:00:00
1814,86.02,86.66,85.84,86.37,11059,2017-06-21 05:00:00
1815,86.63,87.59,86.56,87.48,14519,2017-06-22 05:00:00
1816,87.78,88.35,87.28,88.34,14128,2017-06-23 05:00:00
1817,88.9,88.9,87.7586,88.07,11041,2017-06-26 05:00:00
1818,88.46,88.46,86.5115,86.77,36821,2017-06-27 05:00:00
1819,87.05,88.31,87.05,88.31,5117,2017-06-28 05:00:00
1820,88.78,88.78,86.6928,87.5688,5801,2017-06-29 05:00:00
1821,87.7799,87.97,87.43,87.9,12255,2017-06-30 05:00:00
1822,88.36,88.36,87.6,87.77,0,2017-07-03 05:00:00
1823,87.86,88.178,87.6,88.17,11259,2017-07-05 05:00:00
1824,87.5,87.5,86.1801,86.27,33524,2017-07-06 05:00:00
1825,86.79,87.4,86.58,87.4,28152,2017-07-07 05:00:00
1826,86.91,86.975,86.2,86.33,13967,2017-07-10 05:00:00
1827,86.16,87.27,86.16,87.1,9283,2017-07-11 05:00:00
1828,87.23,87.88,87.23,87.53,21276,2017-07-12 05:00:00
1829,87.28,88.05,86.51,87.2,13133,2017-07-13 05:00:00
1830,86.99,88.22,86.99,87.83,51810,2017-07-14 05:00:00
1831,87.53,88.326,87.53,87.78,9725,2017-07-17 05:00:00
1832,87.66,87.7,87.3368,87.37,9779,2017-07-18 05:00:00
1833,88.03,88.05,87.41,87.98,7955,2017-07-19 05:00:00
1834,88.36,88.7,88.03,88.42,8492,2017-07-20 05:00:00
1835,88.48,88.74,87.9661,88.19,7489,2017-07-21 05:00:00
1836,88.58,88.86,88.069,88.86,7996,2017-07-24 05:00:00
1837,89.35,89.741,88.73,88.97,5337,2017-07-25 05:00:00
1838,88.99,88.99,87.1951,87.1951,37380,2017-07-26 05:00:00
1839,87.61,87.61,86.0,86.1949,21178,2017-07-27 05:00:00
1840,86.1421,86.7844,86.0446,86.75,6353,2017-07-28 05:00:00
1841,87.3,87.3,86.3,86.3,13069,2017-07-31 05:00:00
1842,86.0,86.119,85.63,85.83,10310,2017-08-01 05:00:00
1843,85.83,85.8399,84.56,84.92,11838,2017-08-02 05:00:00
1844,85.01,85.3627,84.81,84.96,49681,2017-08-03 05:00:00
1845,84.9068,85.2341,84.69,85.19,6359,2017-08-04 05:00:00
1846,85.25,85.8073,85.25,85.79,17385,2017-08-07 05:00:00
1847,85.96,86.825,85.66,85.8,54357,2017-08-08 05:00:00
1848,85.12,85.6275,84.64,84.91,8473,2017-08-09 05:00:00
1849,84.24,84.6908,83.45,83.55,27247,2017-08-10 05:00:00
1850,83.33,84.65,83.33,84.63,18759,2017-08-11 05:00:00
1851,85.205,85.83,85.2,85.73,19963,2017-08-14 05:00:00
1852,85.51,85.8479,85.4,85.65,9625,2017-08-15 05:00:00
1853,85.63,86.24,85.62,85.95,4951,2017-08-16 05:00:00
1854,85.88,85.88,84.43,84.43,33212,2017-08-17 05:00:00
1855,84.275,84.89,83.9382,84.56,8109,2017-08-18 05:00:00
1856,84.635,84.89,84.355,84.758,4703,2017-08-21 05:00:00
1857,85.68,85.92,85.2427,85.784,11832,2017-08-22 05:00:00
1858,85.58,85.58,84.935,85.16,6095,2017-08-23 05:00:00
1859,85.27,85.596,84.99,85.2,5169,2017-08-24 05:00:00
1860,85.79,85.79,84.92,85.08,4299,2017-08-25 05:00:00
1861,85.6,85.777,85.3418,85.777,5692,2017-08-28 05:00:00
1862,85.23,85.66,85.0618,85.655,6300,2017-08-29 05:00:00
1863,85.58,85.96,85.471,85.96,20298,2017-08-30 05:00:00
1864,86.06,88.12,86.06,88.12,14353,2017-08-31 05:00:00
1865,88.25,88.57,87.76,88.48,112460,2017-09-01 05:00:00
1866,88.74,89.0,87.74,88.3,26058,2017-09-05 05:00:00
1867,88.88,88.88,88.119,88.54,6200,2017-09-06 05:00:00
1868,88.692,88.692,88.41,88.4553,2814,2017-09-07 05:00:00
1869,88.81,89.2862,88.41,88.8819,3627,2017-09-08 05:00:00
1870,89.75,89.75,89.4,89.645,2831,2017-09-11 05:00:00
1871,89.64,89.91,89.64,89.91,5149,2017-09-12 05:00:00
1872,89.72,89.78,89.3469,89.45,5859,2017-09-13 05:00:00
1873,90.03,90.03,88.7,89.65,11728,2017-09-14 05:00:00
1874,89.74,89.74,88.9,89.5667,7443,2017-09-15 05:00:00
1875,90.04,90.442,89.9012,89.985,6377,2017-09-18 05:00:00
1876,89.0983,89.0983,88.23,88.39,10131,2017-09-19 05:00:00
1877,88.39,88.6949,88.1153,88.5912,6439,2017-09-20 05:00:00
1878,88.81,89.2,88.3576,88.945,5692,2017-09-21 05:00:00
1879,89.04,89.59,88.98,89.59,3682,2017-09-22 05:00:00
1880,89.6,89.77,89.332,89.77,6593,2017-09-25 05:00:00
1881,89.9599,89.9599,89.46,89.51,9104,2017-09-26 05:00:00
1882,90.0,91.932,90.0,91.87,16886,2017-09-27 05:00:00
1883,92.02,92.1699,91.5245,92.04,8008,2017-09-28 05:00:00
1884,92.12,92.83,92.09,92.83,7334,2017-09-29 05:00:00
1885,93.53,94.65,93.12,94.65,14652,2017-10-02 05:00:00
1886,94.65,94.65,93.81,94.465,15684,2017-10-03 05:00:00
1887,94.77,94.93,94.22,94.34,12935,2017-10-04 05:00:00
1888,94.72,94.72,94.13,94.35,7273,2017-10-05 05:00:00
1889,94.46,94.46,94.0,94.02,17073,2017-10-06 05:00:00
1890,94.79,94.79,92.22,92.26,13431,2017-10-09 05:00:00
1891,92.26,92.7,91.7702,91.98,13332,2017-10-10 05:00:00
1892,92.0335,92.2727,91.8814,92.0256,7925,2017-10-11 05:00:00
1893,92.01,92.01,91.4496,91.81,7040,2017-10-12 05:00:00
1894,91.98,91.98,91.12,91.365,8857,2017-10-13 05:00:00
1895,91.74,92.14,91.2208,91.54,8766,2017-10-16 05:00:00
1896,91.63,91.63,91.0,91.49,11109,2017-10-17 05:00:00
1897,91.83,92.83,91.83,92.71,7086,2017-10-18 05:00:00
1898,92.65,92.65,91.7232,92.608,5495,2017-10-19 05:00:00
1899,92.99,93.82,92.99,93.46,7542,2017-10-20 05:00:00
1900,93.83,93.83,92.94,92.94,9783,2017-10-23 05:00:00
1901,93.64,93.64,92.27,92.34,8955,2017-10-24 05:00:00
1902,92.44,92.44,90.791,91.975,7953,2017-10-25 05:00:00
1903,91.62,91.8034,90.573,90.7853,14491,2017-10-26 05:00:00
1904,90.81,91.96,90.6301,91.91,5646,2017-10-27 05:00:00
1905,91.64,91.91,90.14,90.588,11851,2017-10-30 05:00:00
1906,90.97,91.7557,90.97,91.51,5363,2017-10-31 05:00:00
1907,92.25,92.25,89.61,90.18,12862,2017-11-01 05:00:00
1908,90.44,90.56,89.65,90.09,10105,2017-11-02 05:00:00
1909,89.96,90.772,88.831,90.6382,11448,2017-11-03 05:00:00
1910,90.98,91.0555,90.118,90.1665,7774,2017-11-06 06:00:00
1911,90.56,90.6175,89.3238,89.55,11504,2017-11-07 06:00:00
1912,89.68,91.5,89.68,91.5,6744,2017-11-08 06:00:00
1913,90.7,91.73,90.29,91.37,6543,2017-11-09 06:00:00
1914,91.6,91.9,91.3097,91.61,4837,2017-11-10 06:00:00
1915,92.75,92.75,92.0887,92.64,15370,2017-11-13 06:00:00
1916,92.62,92.67,91.7622,92.43,4314,2017-11-14 06:00:00
1917,92.03,92.3074,91.5,92.3074,3429,2017-11-15 06:00:00
1918,93.08,94.39,93.0788,94.1301,11916,2017-11-16 06:00:00
1919,94.6,94.6,93.5,94.05,9061,2017-11-17 06:00:00
1920,94.39,94.39,93.63,94.13,8617,2017-11-20 06:00:00
1921,94.23,95.98,94.23,95.98,4057,2017-11-21 06:00:00
1922,96.49,96.7172,96.31,96.58,6225,2017-11-22 06:00:00
1923,96.78,97.45,96.29,97.42,5165,2017-11-24 06:00:00
1924,97.87,97.87,96.12,96.48,9880,2017-11-27 06:00:00
1925,96.78,96.92,96.0,96.802,18491,2017-11-28 06:00:00
1926,97.78,97.88,97.38,97.87,10743,2017-11-29 06:00:00
1927,98.86,98.86,97.78,97.9,22948,2017-11-30 06:00:00
1928,98.46,98.46,94.781,97.55,18891,2017-12-01 06:00:00
1929,99.27,99.27,96.1114,96.26,31926,2017-12-04 06:00:00
1930,97.01,97.01,95.6,95.6,10684,2017-12-05 06:00:00
1931,96.05,96.05,94.311,95.15,6628,2017-12-06 06:00:00
1932,95.21,96.919,95.21,96.72,11852,2017-12-07 06:00:00
1933,97.83,97.83,96.4353,96.55,12533,2017-12-08 06:00:00
1934,97.21,97.21,95.95,96.12,9616,2017-12-11 06:00:00
1935,96.99,96.9986,96.57,96.6,12116,2017-12-12 06:00:00
1936,97.23,98.2199,96.6184,97.85,14821,2017-12-13 06:00:00
1937,98.69,98.69,96.29,96.61,16785,2017-12-14 06:00:00
1938,98.48,98.48,97.03,98.34,16477,2017-12-15 06:00:00
1939,100.05,100.05,98.24,98.46,20622,2017-12-18 06:00:00
1940,98.68,98.78,97.72,98.02,9228,2017-12-19 06:00:00
1941,98.67,98.77,98.231,98.42,26418,2017-12-20 06:00:00
1942,98.73,99.07,98.55,98.82,15319,2017-12-21 06:00:00
1943,98.98,99.192,98.62,98.91,14414,2017-12-22 06:00:00
1944,98.52,99.445,98.52,99.18,8517,2017-12-26 06:00:00
1945,98.9,99.55,98.9,99.01,28312,2017-12-27 06:00:00
1946,99.47,99.6,98.7847,99.55,17115,2017-12-28 06:00:00
1947,100.6,100.6,98.5,98.52,31785,2017-12-29 06:00:00
1948,99.51,99.789,98.5,99.29,28510,2018-01-02 06:00:00
1949,99.88,99.88,99.0464,99.54,33050,2018-01-03 06:00:00
1950,100.03,100.03,99.4445,99.89,22488,2018-01-04 06:00:00
1951,100.24,100.85,99.87,100.85,20033,2018-01-05 06:00:00
1952,101.12,101.12,99.0,99.77,28139,2018-01-08 06:00:00
1953,99.8,102.6,99.8,102.4,66033,2018-01-09 06:00:00
1954,102.23,102.46,101.303,102.46,31898,2018-01-10 06:00:00
1955,103.0,104.41,102.285,104.4,38919,2018-01-11 06:00:00
1956,105.03,105.29,104.2925,105.0,31515,2018-01-12 06:00:00
1957,106.32,106.32,104.145,104.45,39928,2018-01-16 06:00:00
1958,105.58,105.58,104.29,105.29,22494,2018-01-17 06:00:00
1959,105.71,105.71,104.42,105.01,19365,2018-01-18 06:00:00
1960,105.53,106.81,105.0104,106.81,19021,2018-01-19 06:00:00
1961,107.39,108.7966,107.1967,108.69,33653,2018-01-22 06:00:00
1962,109.43,109.43,108.07,109.21,31010,2018-01-23 06:00:00
1963,111.11,111.11,108.7,109.19,30234,2018-01-24 06:00:00
1964,109.09,110.59,108.95,110.59,16625,2018-01-25 06:00:00
1965,111.09,111.6129,110.4066,111.58,21534,2018-01-26 06:00:00
1966,112.1,112.5,111.6,112.11,34250,2018-01-29 06:00:00
1967,111.46,111.8,110.321,110.88,26608,2018-01-30 06:00:00
1968,110.93,111.8296,109.16,109.52,31115,2018-01-31 06:00:00
1969,108.88,111.3074,108.8,111.08,41245,2018-02-01 06:00:00
1970,110.65,110.65,108.0547,108.08,45418,2018-02-02 06:00:00
1971,106.89,108.042,103.73,103.81,69604,2018-02-05 06:00:00
1972,101.14,105.0154,99.02,104.13,59288,2018-02-06 06:00:00
1973,104.99,105.07,103.4312,104.33,42996,2018-02-07 06:00:00
1974,105.77,105.77,101.25,101.365,30809,2018-02-08 06:00:00
1975,102.89,102.89,98.291,102.7,39538,2018-02-09 06:00:00
1976,102.46,104.11,101.3196,103.575,25890,2018-02-12 06:00:00
1977,103.75,103.75,102.02,103.29,9326,2018-02-13 06:00:00
1978,103.09,106.32,102.05,106.04,26844,2018-02-14 06:00:00
1979,107.52,107.52,105.7255,106.5868,31638,2018-02-15 06:00:00
1980,107.05,107.68,106.85,107.24,18357,2018-02-16 06:00:00
1981,107.55,107.55,105.4909,105.4909,29051,2018-02-20 06:00:00
1982,106.76,108.98,106.26,107.27,14847,2018-02-21 06:00:00
1983,108.65,108.6705,106.8548,107.0807,22310,2018-02-22 06:00:00
1984,108.09,108.66,106.6185,108.66,22484,2018-02-23 06:00:00
1985,109.55,109.55,107.7382,109.24,28579,2018-02-26 06:00:00
1986,109.44,109.7,108.67,108.98,23766,2018-02-27 06:00:00
1987,108.7,109.085,106.74,106.88,18253,2018-02-28 06:00:00
1988,106.43,106.4595,103.8,105.0981,46224,2018-03-01 06:00:00
1989,105.0,110.13,105.0,110.075,45584,2018-03-02 06:00:00
1990,110.15,111.1367,108.9181,110.56,133361,2018-03-05 06:00:00
1991,111.57,111.57,109.3493,111.29,28552,2018-03-06 06:00:00
1992,110.02,112.42,110.02,112.42,25598,2018-03-07 06:00:00
1993,113.03,114.13,112.6,114.13,36339,2018-03-08 06:00:00
1994,115.2,115.3262,113.96,115.2,24993,2018-03-09 06:00:00
1995,116.07,116.21,114.76,115.64,62509,2018-03-12 05:00:00
1996,116.37,116.37,114.11,114.83,76947,2018-03-13 05:00:00
1997,115.47,115.78,114.4,114.89,50698,2018-03-14 05:00:00
1998,114.76,114.8729,113.5051,113.99,28038,2018-03-15 05:00:00
1999,113.73,115.05,113.73,114.66,29692,2018-03-16 05:00:00
2000,114.48,114.48,111.99,113.3,34488,2018-03-19 05:00:00
2001,114.07,114.07,112.4933,113.25,22355,2018-03-20 05:00:00
2002,114.06,114.46,113.44,114.16,44613,2018-03-21 05:00:00
2003,113.32,114.2845,112.2,112.2,24173,2018-03-22 05:00:00
2004,113.2,113.2,110.37,110.62,50171,2018-03-23 05:00:00
2005,112.96,112.96,110.13,112.54,84376,2018-03-26 05:00:00
2006,112.48,112.48,110.2748,110.2748,58155,2018-03-27 05:00:00
2007,111.12,111.12,110.09,110.74,22245,2018-03-28 05:00:00
2008,112.06,112.24,110.257,111.4,50212,2018-03-29 05:00:00
2009,111.87,111.87,108.0,108.76,268400,2018-04-02 05:00:00
2010,109.22,110.6598,108.98,110.52,102863,2018-04-03 05:00:00
2011,109.91,112.48,109.05,112.29,113028,2018-04-04 05:00:00
2012,112.5,113.18,112.0,112.92,65870,2018-04-05 05:00:00
2013,112.85,112.85,110.0,110.9,35169,2018-04-06 05:00:00
2014,111.64,112.5499,111.3863,111.47,32793,2018-04-09 05:00:00
2015,113.32,113.9513,112.245,113.73,80668,2018-04-10 05:00:00
2016,113.7,114.18,113.1,113.96,48090,2018-04-11 05:00:00
2017,114.29,115.39,114.14,114.82,48556,2018-04-12 05:00:00
2018,115.24,115.24,113.685,114.25,59235,2018-04-13 05:00:00
2019,115.33,115.72,114.3537,115.45,44184,2018-04-16 05:00:00
2020,116.79,117.21,115.77,117.15,50595,2018-04-17 05:00:00
2021,118.0,118.29,117.09,117.67,178354,2018-04-18 05:00:00
2022,117.34,117.65,116.3852,116.82,65766,2018-04-19 05:00:00
2023,116.7,117.03,115.93,116.48,30013,2018-04-20 05:00:00
2024,117.41,117.41,115.6752,116.31,36576,2018-04-23 05:00:00
2025,116.49,116.795,114.23,115.16,64585,2018-04-24 05:00:00
2026,115.22,115.22,113.23,114.62,36403,2018-04-25 05:00:00
2027,114.58,115.528,114.43,115.16,29759,2018-04-26 05:00:00
2028,115.89,115.89,114.31,115.53,26357,2018-04-27 05:00:00
2029,115.97,115.97,114.562,114.65,28793,2018-04-30 05:00:00
2030,115.24,115.8097,114.31,115.76,53228,2018-05-01 05:00:00
2031,116.36,117.11,115.5,116.55,50673,2018-05-02 05:00:00
2032,116.63,116.63,113.55,114.81,57422,2018-05-03 05:00:00
2033,114.31,116.47,113.5,115.9,36976,2018-05-04 05:00:00
2034,116.55,117.08,116.09,116.62,118116,2018-05-07 05:00:00
2035,117.03,117.88,116.5,117.88,102182,2018-05-08 05:00:00
2036,118.5,118.9567,117.485,118.61,90968,2018-05-09 05:00:00
2037,118.64,120.05,118.5,119.3,100321,2018-05-10 05:00:00
2038,119.0,121.31,119.0,121.17,47531,2018-05-11 05:00:00
2039,121.96,122.045,120.7932,121.22,88068,2018-05-14 05:00:00
2040,120.98,121.51,120.23,121.38,38888,2018-05-15 05:00:00
2041,122.27,123.8256,121.825,123.28,53395,2018-05-16 05:00:00
2042,123.71,124.36,123.105,124.14,65130,2018-05-17 05:00:00
2043,125.11,125.11,124.1748,124.94,122420,2018-05-18 05:00:00
2044,125.7,125.79,123.94,124.31,131801,2018-05-21 05:00:00
2045,125.25,125.25,123.051,123.23,66922,2018-05-22 05:00:00
2046,123.22,124.26,123.0,124.01,43836,2018-05-23 05:00:00
2047,124.56,124.63,122.73,124.0,83753,2018-05-24 05:00:00
2048,124.22,124.6807,123.91,124.18,40679,2018-05-25 05:00:00
2049,124.28,124.31,122.7488,124.3,163340,2018-05-29 05:00:00
2050,125.58,126.7518,124.73,126.38,96484,2018-05-30 05:00:00
2051,127.23,127.23,124.895,125.22,132156,2018-05-31 05:00:00
2052,126.57,126.865,125.497,126.46,77953,2018-06-01 05:00:00
2053,127.34,127.48,125.6252,127.48,106995,2018-06-04 05:00:00
2054,127.82,128.4,127.2801,128.11,62393,2018-06-05 05:00:00
2055,128.9,128.9,127.94,128.69,78297,2018-06-06 05:00:00
2056,129.33,129.38,125.9,126.67,83848,2018-06-07 05:00:00
2057,126.45,128.365,126.45,128.04,82765,2018-06-08 05:00:00
2058,128.7,128.85,127.76,128.42,71448,2018-06-11 05:00:00
2059,128.83,128.83,127.8207,128.3,68771,2018-06-12 05:00:00
2060,129.15,129.15,128.335,128.72,63157,2018-06-13 05:00:00
2061,129.72,129.98,128.9101,129.96,78631,2018-06-14 05:00:00
2062,130.56,130.56,129.02,130.05,69338,2018-06-15 05:00:00
2063,128.45,130.51,128.45,130.26,92428,2018-06-18 05:00:00
2064,130.14,130.6654,128.87,130.57,72842,2018-06-19 05:00:00
2065,131.45,131.84,130.74,131.78,142013,2018-06-20 05:00:00
2066,132.7,132.7,130.26,130.64,137896,2018-06-21 05:00:00
2067,131.65,131.65,129.801,130.64,70684,2018-06-22 05:00:00
2068,130.73,130.73,127.31,128.31,113757,2018-06-25 05:00:00
2069,129.21,130.296,128.31,129.93,56777,2018-06-26 05:00:00
2070,130.59,130.59,127.74,127.74,59474,2018-06-27 05:00:00
2071,126.11,128.9308,126.01,128.69,57288,2018-06-28 05:00:00
2072,129.55,129.55,128.15,128.49,77087,2018-06-29 05:00:00
2073,128.39,129.96,126.85,129.96,102669,2018-07-02 05:00:00
2074,130.02,130.8621,129.94,130.78,69674,2018-07-03 05:00:00
2075,131.98,131.98,130.4,131.81,88362,2018-07-05 05:00:00
2076,132.69,133.66,131.9695,133.58,101456,2018-07-06 05:00:00
2077,134.35,134.73,133.18,134.49,161527,2018-07-09 05:00:00
2078,134.96,134.96,133.18,133.74,174570,2018-07-10 05:00:00
2079,133.41,134.8294,133.09,133.89,90473,2018-07-11 05:00:00
2080,135.35,135.67,133.82,135.02,150204,2018-07-12 05:00:00
2081,135.17,135.5,134.5124,134.52,121111,2018-07-13 05:00:00
2082,135.0,135.0,133.274,133.78,106287,2018-07-16 05:00:00
2083,133.7,135.36,133.44,135.19,114247,2018-07-17 05:00:00
2084,135.65,135.65,134.3192,135.4,221474,2018-07-18 05:00:00
2085,135.4,136.47,134.22,136.28,102689,2018-07-19 05:00:00
2086,136.53,136.9875,135.54,135.69,117958,2018-07-20 05:00:00
2087,136.13,136.58,135.27,136.27,131787,2018-07-23 05:00:00
2088,137.0,137.28,133.711,134.34,152834,2018-07-24 05:00:00
2089,134.67,135.4722,134.34,135.41,75035,2018-07-25 05:00:00
2090,136.0,136.73,134.87,136.3,135152,2018-07-26 05:00:00
2091,136.53,136.63,131.75,132.19,156146,2018-07-27 05:00:00
2092,131.81,132.6447,130.51,130.72,99629,2018-07-30 05:00:00
2093,131.5,133.4273,131.2383,133.07,104216,2018-07-31 05:00:00
2094,133.99,134.4899,133.24,134.31,127564,2018-08-01 05:00:00
2095,134.1,135.4886,133.31,135.44,136671,2018-08-02 05:00:00
2096,135.16,135.51,133.94,134.71,103210,2018-08-03 05:00:00
2097,135.26,136.23,134.7,136.16,124885,2018-08-06 05:00:00
2098,136.03,136.21,135.52,135.63,184418,2018-08-07 05:00:00
2099,136.27,136.499,134.63,135.6,96072,2018-08-08 05:00:00
2100,135.8,136.2,135.45,135.6,76698,2018-08-09 05:00:00
2101,134.48,136.2699,134.441,135.39,106663,2018-08-10 05:00:00
2102,135.39,135.77,134.46,134.95,99946,2018-08-13 05:00:00
2103,134.97,136.8825,134.97,136.66,69273,2018-08-14 05:00:00
2104,137.21,137.21,134.6987,135.91,84303,2018-08-15 05:00:00
2105,136.39,136.85,135.4,136.85,117001,2018-08-16 05:00:00
2106,136.61,137.87,136.092,137.85,93607,2018-08-17 05:00:00
2107,138.29,138.5296,136.6,137.43,121982,2018-08-20 05:00:00
2108,138.2,139.47,137.7501,139.14,125991,2018-08-21 05:00:00
2109,139.16,140.8,138.96,140.8,129064,2018-08-22 05:00:00
2110,141.06,141.39,140.2877,140.93,158081,2018-08-23 05:00:00
2111,141.4,141.6381,140.9461,141.35,120353,2018-08-24 05:00:00
2112,142.55,143.3,141.9881,142.79,189643,2018-08-27 05:00:00
2113,143.23,143.23,141.8307,142.57,145509,2018-08-28 05:00:00
2114,143.02,143.84,142.3501,143.63,169196,2018-08-29 05:00:00
2115,143.78,144.49,143.0001,143.78,123114,2018-08-30 05:00:00
2116,143.98,145.25,143.56,144.96,368546,2018-08-31 05:00:00
2117,145.15,145.2348,143.41,144.82,637319,2018-09-04 05:00:00
2118,144.53,144.6069,141.83,144.27,644849,2018-09-05 05:00:00
2119,144.74,145.01,142.8307,143.49,296855,2018-09-06 05:00:00
2120,143.74,144.97,142.46,143.42,241194,2018-09-07 05:00:00
2121,144.68,144.68,142.08,142.48,173423,2018-09-10 05:00:00
2122,142.59,143.51,141.66,143.12,156005,2018-09-11 05:00:00
2123,143.15,143.15,140.655,142.31,180299,2018-09-12 05:00:00
2124,143.0,143.26,141.78,142.49,141393,2018-09-13 05:00:00
2125,142.74,143.7,142.1301,143.37,125984,2018-09-14 05:00:00
2126,143.41,143.51,140.11,140.31,150892,2018-09-17 05:00:00
2127,141.35,141.939,140.78,141.57,86330,2018-09-18 05:00:00
2128,141.21,142.28,139.7,140.34,126100,2018-09-19 05:00:00
2129,140.9,141.62,140.49,141.61,151066,2018-09-20 05:00:00
2130,142.23,142.23,140.12,140.34,129476,2018-09-21 05:00:00
2131,140.0,140.98,139.49,140.42,99938,2018-09-24 05:00:00
2132,140.34,140.66,139.9211,140.06,82873,2018-09-25 05:00:00
2133,139.74,140.12,138.4206,138.63,138008,2018-09-26 05:00:00
2134,138.65,139.65,138.63,139.29,81051,2018-09-27 05:00:00
2135,138.86,140.64,138.86,140.37,92771,2018-09-28 05:00:00
2136,141.45,141.45,138.061,138.29,238794,2018-10-01 05:00:00
2137,138.29,138.55,135.99,136.35,265195,2018-10-02 05:00:00
2138,136.46,137.3,135.37,136.61,228243,2018-10-03 05:00:00
2139,136.51,136.65,133.74,134.11,138875,2018-10-04 05:00:00
2140,134.02,134.9999,131.29,133.01,162729,2018-10-05 05:00:00
2141,132.18,133.3411,130.15,131.63,232396,2018-10-08 05:00:00
2142,131.4,133.2299,130.97,131.4,111246,2018-10-09 05:00:00
2143,131.65,132.33,128.57,128.74,185340,2018-10-10 05:00:00
2144,127.48,129.63,125.75,125.75,205416,2018-10-11 05:00:00
2145,128.23,128.4498,124.79,125.98,150377,2018-10-12 05:00:00
2146,125.22,126.9999,124.11,126.0,152409,2018-10-15 05:00:00
2147,127.09,131.02,126.3628,130.92,118802,2018-10-16 05:00:00
2148,131.05,131.05,128.4601,130.3,81018,2018-10-17 05:00:00
2149,129.84,130.47,127.45,128.67,51625,2018-10-18 05:00:00
2150,128.77,129.515,125.8029,126.2,83247,2018-10-19 05:00:00
2151,126.35,127.32,125.0,126.18,89918,2018-10-22 05:00:00
2152,124.11,127.1282,122.75,125.87,152054,2018-10-23 05:00:00
2153,125.49,126.542,120.32,120.32,147464,2018-10-24 05:00:00
2154,121.75,123.54,120.7,122.3,143637,2018-10-25 05:00:00
2155,120.48,122.72,118.61,120.87,612634,2018-10-26 05:00:00
2156,122.74,124.09,119.58,120.84,100086,2018-10-29 05:00:00
2157,120.53,123.8576,120.45,123.16,83985,2018-10-30 05:00:00
2158,124.55,125.0,122.1,122.1,136865,2018-10-31 05:00:00
2159,123.06,127.23,122.75,126.3,287209,2018-11-01 05:00:00
2160,127.62,129.3182,127.2987,128.28,188015,2018-11-02 05:00:00
2161,128.74,128.8438,126.63,128.15,49045,2018-11-05 06:00:00
2162,128.14,128.6151,127.31,128.5,54339,2018-11-06 06:00:00
2163,128.29,129.26,127.16,129.16,101892,2018-11-07 06:00:00
2164,129.44,129.44,127.2942,128.49,97956,2018-11-08 06:00:00
2165,128.31,128.31,125.5,126.5,58715,2018-11-09 06:00:00
2166,126.06,126.5,123.192,123.21,84593,2018-11-12 06:00:00
2167,123.97,124.73,121.97,122.16,62238,2018-11-13 06:00:00
2168,122.94,123.07,120.1848,120.74,81447,2018-11-14 06:00:00
2169,120.0,123.6521,120.0,123.42,60982,2018-11-15 06:00:00
2170,123.16,125.28,122.64,125.09,41212,2018-11-16 06:00:00
2171,125.09,125.16,121.62,121.93,80879,2018-11-19 06:00:00
2172,120.42,122.35,120.01,120.7,105442,2018-11-20 06:00:00
2173,121.93,122.8,120.7001,121.91,34677,2018-11-21 06:00:00
2174,120.87,123.85,120.87,122.66,43081,2018-11-23 06:00:00
2175,124.26,124.3899,122.5,123.09,65106,2018-11-26 06:00:00
2176,122.54,123.3013,121.85,122.74,39263,2018-11-27 06:00:00
2177,123.5,127.48,122.944,127.48,89701,2018-11-28 06:00:00
2178,127.36,128.53,126.27,127.78,225024,2018-11-29 06:00:00
2179,128.14,129.112,127.62,128.86,49020,2018-11-30 06:00:00
2180,130.0,130.41,128.0,130.14,105469,2018-12-03 06:00:00
2181,130.01,130.09,124.8,125.06,124694,2018-12-04 06:00:00
2182,122.48,123.91,120.72,123.89,120564,2018-12-06 06:00:00
2183,123.63,124.93,120.59,121.27,96193,2018-12-07 06:00:00
2184,120.62,121.33,118.36,120.42,187407,2018-12-10 06:00:00
2185,122.44,122.99,119.2,120.91,73308,2018-12-11 06:00:00
2186,122.61,123.72,121.865,121.865,74360,2018-12-12 06:00:00
2187,122.87,123.02,119.25,119.25,67910,2018-12-13 06:00:00
2188,118.58,119.1881,115.32,115.9,249792,2018-12-14 06:00:00
2189,115.09,115.355,111.19,111.68,459643,2018-12-17 06:00:00
2190,112.64,113.71,110.08,110.83,140109,2018-12-18 06:00:00
2191,110.64,111.73,107.41,108.01,199585,2018-12-19 06:00:00
2192,107.31,107.8,103.34,104.54,466685,2018-12-20 06:00:00
2193,104.85,105.05,101.22,101.48,374246,2018-12-21 06:00:00
2194,100.9,102.62,100.41,100.46,250201,2018-12-24 06:00:00
2195,101.27,106.21,100.7712,106.0736,198062,2018-12-26 06:00:00
2196,104.14,106.0,102.1279,106.0,149510,2018-12-27 06:00:00
2197,105.74,108.48,105.45,106.84,144586,2018-12-28 06:00:00
2198,107.4,107.87,106.24,107.53,1098703,2018-12-31 06:00:00
2199,105.97,107.64,105.3714,107.27,498422,2019-01-02 06:00:00
2200,106.72,107.22,104.31,104.5,161010,2019-01-03 06:00:00
2201,105.83,109.4299,105.83,108.68,146813,2019-01-04 06:00:00
2202,108.35,111.0707,108.35,110.15,120685,2019-01-07 06:00:00
2203,111.09,112.2199,110.3302,112.14,86366,2019-01-08 06:00:00
2204,112.67,114.13,112.67,113.25,86209,2019-01-09 06:00:00
2205,112.96,114.4,112.4,114.27,37858,2019-01-10 06:00:00
2206,113.52,114.6197,113.26,114.34,31892,2019-01-11 06:00:00
2207,113.48,113.8799,112.5,112.5,46536,2019-01-14 06:00:00
2208,112.46,115.04,112.46,114.77,36063,2019-01-15 06:00:00
2209,115.51,116.9799,115.355,115.92,56078,2019-01-16 06:00:00
2210,115.86,117.01,115.7,116.64,47951,2019-01-17 06:00:00
2211,116.75,117.14,115.92,117.1,96430,2019-01-18 06:00:00
2212,116.73,116.89,114.5892,115.2,76415,2019-01-22 06:00:00
2213,115.43,117.29,114.7357,115.75,43414,2019-01-23 06:00:00
2214,115.26,115.84,114.97,115.84,49101,2019-01-24 06:00:00
2215,116.18,117.34,116.18,117.08,48395,2019-01-25 06:00:00
2216,116.75,116.75,114.622,115.07,41439,2019-01-28 06:00:00
2217,114.89,114.902,114.01,114.5,30313,2019-01-29 06:00:00
2218,115.1,116.3265,114.436,116.12,125207,2019-01-30 06:00:00
2219,115.63,118.22,115.63,117.53,130244,2019-01-31 06:00:00
2220,117.23,117.41,116.1609,117.0,53942,2019-02-01 06:00:00
2221,116.74,118.81,116.74,118.8,70918,2019-02-04 06:00:00
2222,118.69,120.4159,118.68,119.16,70666,2019-02-05 06:00:00
2223,119.13,119.4072,117.7761,118.42,40465,2019-02-06 06:00:00
2224,117.97,118.46,116.4389,116.89,52401,2019-02-07 06:00:00
2225,116.07,117.25,116.0,117.25,60092,2019-02-08 06:00:00
2226,117.33,118.67,116.871,118.61,39233,2019-02-11 06:00:00
2227,119.02,120.7899,118.77,120.72,67543,2019-02-12 06:00:00
2228,120.95,121.2599,119.7025,120.33,60762,2019-02-13 06:00:00
2229,119.86,121.67,119.8,121.2,49465,2019-02-14 06:00:00
2230,121.33,123.1,120.6108,122.99,47387,2019-02-15 06:00:00
2231,123.08,123.4,122.35,122.58,258904,2019-02-19 06:00:00
2232,122.55,123.5,122.44,123.24,82224,2019-02-20 06:00:00
2233,123.13,123.14,121.4181,122.17,46282,2019-02-21 06:00:00
2234,122.17,123.0937,121.919,122.87,53895,2019-02-22 06:00:00
2235,123.99,124.31,122.86,122.86,440226,2019-02-25 06:00:00
2236,122.1,122.15,120.01,120.01,47990,2019-02-26 06:00:00
2237,119.76,121.2399,119.76,120.96,64561,2019-02-27 06:00:00
2238,120.83,121.43,120.337,121.28,53219,2019-02-28 06:00:00
2239,121.89,122.835,121.6033,122.61,37202,2019-03-01 06:00:00
2240,123.16,123.2,119.02,119.8689,69374,2019-03-04 06:00:00
2241,119.64,119.8065,118.66,118.72,47797,2019-03-05 06:00:00
2242,118.51,118.51,114.67,114.67,101088,2019-03-06 06:00:00
2243,114.91,115.59,113.79,114.83,150554,2019-03-07 06:00:00
2244,113.95,115.06,113.95,115.02,47003,2019-03-08 06:00:00
2245,115.11,117.08,114.8001,117.08,456790,2019-03-11 05:00:00
2246,117.1,118.25,117.1,117.68,27694,2019-03-12 05:00:00
2247,118.1,118.6,117.69,117.95,45102,2019-03-13 05:00:00
2248,117.9,118.2,117.25,117.42,20194,2019-03-14 05:00:00
2249,117.32,118.0303,117.024,117.52,52600,2019-03-15 05:00:00
2250,117.38,118.8405,117.17,117.97,46569,2019-03-18 05:00:00
2251,118.52,118.9719,117.68,118.16,100587,2019-03-19 05:00:00
2252,117.84,119.0,117.05,117.48,37136,2019-03-20 05:00:00
2253,117.0,119.964,116.84,119.27,112495,2019-03-21 05:00:00
2254,118.93,119.08,114.42,114.49,102060,2019-03-22 05:00:00
2255,114.17,115.0518,112.77,114.54,420695,2019-03-25 05:00:00
2256,115.27,115.45,113.98,114.55,59874,2019-03-26 05:00:00
2257,114.28,114.823,111.43,113.27,56486,2019-03-27 05:00:00
2258,113.45,114.539,112.87,114.25,52267,2019-03-28 05:00:00
2259,114.93,115.71,114.692,115.52,74738,2019-03-29 05:00:00
2260,116.27,116.51,114.8401,115.49,90151,2019-04-01 05:00:00
2261,115.17,115.79,114.78,115.43,39883,2019-04-02 05:00:00
2262,116.12,116.4827,115.43,115.63,71399,2019-04-03 05:00:00
2263,115.78,116.1987,115.0595,115.55,37337,2019-04-04 05:00:00
2264,115.68,117.49,115.68,117.06,41293,2019-04-05 05:00:00
2265,116.65,116.65,115.58,116.56,39254,2019-04-08 05:00:00
2266,116.38,116.86,115.43,115.72,52565,2019-04-09 05:00:00
2267,115.71,117.48,115.71,117.39,53276,2019-04-10 05:00:00
2268,117.32,117.89,115.5983,115.73,42158,2019-04-11 05:00:00
2269,116.06,116.3,114.71,114.94,49586,2019-04-12 05:00:00
2270,115.01,115.3717,114.34,114.88,46010,2019-04-15 05:00:00
2271,115.05,115.59,112.53,112.76,55069,2019-04-16 05:00:00
2272,112.6,112.82,107.65,108.64,120972,2019-04-17 05:00:00
2273,108.6,109.56,107.0201,109.56,97124,2019-04-18 05:00:00
2274,108.99,110.3318,108.59,109.63,49184,2019-04-22 05:00:00
2275,109.82,113.25,109.73,112.62,38908,2019-04-23 05:00:00
2276,112.68,113.5096,112.1101,112.71,38913,2019-04-24 05:00:00
2277,112.34,113.1499,111.6663,112.95,35186,2019-04-25 05:00:00
2278,113.18,115.21,113.18,115.0999,133576,2019-04-26 05:00:00
2279,115.07,115.93,114.57,115.52,27056,2019-04-29 05:00:00
2280,115.56,115.9,113.31,114.46,27452,2019-04-30 05:00:00
2281,114.28,114.92,113.4,113.74,55552,2019-05-01 05:00:00
2282,113.28,115.24,112.1062,115.19,78724,2019-05-02 05:00:00
2283,115.69,118.11,115.69,118.08,58704,2019-05-03 05:00:00
2284,115.63,119.84,115.06,119.84,32452,2019-05-06 05:00:00
2285,118.68,118.68,115.39,116.2899,591623,2019-05-07 05:00:00
2286,115.87,116.621,115.01,115.6,21743,2019-05-08 05:00:00
2287,114.65,116.1694,113.6619,115.75,24243,2019-05-09 05:00:00
2288,115.24,116.024,113.49,115.77,21966,2019-05-10 05:00:00
2289,113.2,113.43,111.735,111.85,25031,2019-05-13 05:00:00
2290,112.78,113.4,111.9476,112.9,28830,2019-05-14 05:00:00
2291,111.89,113.46,111.89,113.23,22883,2019-05-15 05:00:00
2292,113.37,115.0,113.37,113.69,19381,2019-05-16 05:00:00
2293,112.67,113.69,111.62,111.62,58751,2019-05-17 05:00:00
2294,110.81,111.9382,110.27,111.34,25561,2019-05-20 05:00:00
2295,111.6,112.7899,111.6,112.39,24934,2019-05-21 05:00:00
2296,112.98,113.01,110.69,111.78,26053,2019-05-22 05:00:00
2297,110.61,110.92,108.72,109.09,49918,2019-05-23 05:00:00
2298,109.6,110.849,109.6,110.45,14100,2019-05-24 05:00:00
2299,110.6,111.39,110.07,110.07,40827,2019-05-28 05:00:00
2300,109.24,109.5344,108.2101,109.13,38269,2019-05-29 05:00:00
2301,109.29,110.11,108.13,108.81,38544,2019-05-30 05:00:00
2302,107.68,108.0887,106.395,107.6,24619,2019-05-31 05:00:00
2303,107.51,108.7599,107.5017,108.14,65269,2019-06-03 05:00:00
2304,108.95,111.71,108.95,111.64,27891,2019-06-04 05:00:00
2305,112.31,112.31,110.8813,111.34,39408,2019-06-05 05:00:00
2306,111.3,111.45,109.93,110.49,29722,2019-06-06 05:00:00
2307,110.7,112.0523,110.7,111.67,34974,2019-06-07 05:00:00
2308,111.84,113.065,111.84,112.03,41298,2019-06-10 05:00:00
2309,112.77,112.84,110.2943,111.19,21442,2019-06-11 05:00:00
2310,111.09,112.46,110.6538,112.39,29147,2019-06-12 05:00:00
2311,112.38,113.15,112.05,113.15,13414,2019-06-13 05:00:00
2312,112.56,113.3,111.71,111.71,19356,2019-06-14 05:00:00
2313,111.91,113.9599,111.91,113.52,18867,2019-06-17 05:00:00
2314,114.07,115.75,114.07,115.31,25346,2019-06-18 05:00:00
2315,115.07,116.46,115.07,116.36,21217,2019-06-19 05:00:00
2316,117.33,118.0206,116.33,116.56,25232,2019-06-20 05:00:00
2317,116.18,116.4199,114.1809,116.27,37512,2019-06-21 05:00:00
2318,115.97,116.4,114.07,114.22,26979,2019-06-24 05:00:00
2319,114.17,114.8925,113.96,114.2,35186,2019-06-25 05:00:00
2320,113.86,114.6843,113.05,113.81,20448,2019-06-26 05:00:00
2321,114.23,116.58,113.7901,116.58,20617,2019-06-27 05:00:00
2322,116.61,118.33,116.61,117.89,41960,2019-06-28 05:00:00
2323,119.18,119.6701,117.8045,118.33,46894,2019-07-01 05:00:00
2324,117.99,118.25,116.716,117.43,29468,2019-07-02 05:00:00
2325,117.56,118.4575,117.5,118.11,9011,2019-07-03 05:00:00
2326,117.45,118.14,117.1857,118.14,11141,2019-07-05 05:00:00
2327,117.3,117.305,116.095,116.58,88220,2019-07-08 05:00:00
2328,115.62,116.9,115.59,116.9,19238,2019-07-09 05:00:00
2329,117.14,117.66,116.502,117.47,22642,2019-07-10 05:00:00
2330,118.05,118.05,115.25,116.11,27567,2019-07-11 05:00:00
2331,115.86,116.2087,114.94,115.72,30137,2019-07-12 05:00:00
2332,115.84,116.3175,115.4519,115.98,37096,2019-07-15 05:00:00
2333,115.73,116.2826,115.43,115.43,25905,2019-07-16 05:00:00
2334,115.28,115.81,114.9283,115.27,25679,2019-07-17 05:00:00
2335,115.35,116.5311,115.0852,116.14,31432,2019-07-18 05:00:00
2336,116.05,116.2665,115.19,115.2,35925,2019-07-19 05:00:00
2337,115.25,115.99,114.644,114.81,22079,2019-07-22 05:00:00
2338,114.88,115.39,114.21,115.29,17910,2019-07-23 05:00:00
2339,115.02,117.3586,114.47,117.34,21042,2019-07-24 05:00:00
2340,116.73,116.73,115.39,115.5178,26642,2019-07-25 05:00:00
2341,115.51,116.4499,115.26,116.17,26231,2019-07-26 05:00:00
2342,115.95,116.56,115.5533,116.4893,36910,2019-07-29 05:00:00
2343,115.64,118.39,115.63,118.39,21008,2019-07-30 05:00:00
2344,118.36,119.8,117.105,117.66,16791,2019-07-31 05:00:00
2345,118.12,121.2099,118.12,119.31,28423,2019-08-01 05:00:00
2346,119.03,119.03,116.7095,117.68,22826,2019-08-02 05:00:00
2347,115.68,116.0,113.2005,114.5799,31327,2019-08-05 05:00:00
2348,115.28,116.16,114.1938,116.1,10818,2019-08-06 05:00:00
2349,115.46,116.3699,113.9251,116.19,21741,2019-08-07 05:00:00
2350,116.96,118.49,116.96,118.36,19974,2019-08-08 05:00:00
2351,117.67,118.23,116.9613,117.27,10655,2019-08-09 05:00:00
2352,116.9,116.9459,116.07,116.3,14251,2019-08-12 05:00:00
2353,115.9,117.935,115.9,117.52,10821,2019-08-13 05:00:00
2354,114.63,114.63,113.1286,113.16,13650,2019-08-14 05:00:00
2355,113.49,113.5848,112.141,112.66,16352,2019-08-15 05:00:00
2356,113.2,115.55,113.02,115.41,12023,2019-08-16 05:00:00
2357,116.46,117.391,116.3349,116.53,17170,2019-08-19 05:00:00
2358,116.19,117.0121,115.77,115.77,12622,2019-08-20 05:00:00
2359,116.72,116.8499,116.39,116.65,13235,2019-08-21 05:00:00
2360,116.99,116.99,114.95,115.52,9114,2019-08-22 05:00:00
2361,114.82,116.1367,112.38,112.55,12771,2019-08-23 05:00:00
2362,113.5,114.26,112.8148,114.26,12713,2019-08-26 05:00:00
2363,114.78,115.48,112.79,112.79,41154,2019-08-27 05:00:00
2364,112.2,114.46,112.2,113.9,20050,2019-08-28 05:00:00
2365,114.59,115.32,114.59,115.23,12768,2019-08-29 05:00:00
2366,115.78,116.05,113.87,114.82,12847,2019-08-30 05:00:00
2367,113.81,115.35,113.18,113.66,16126,2019-09-03 05:00:00
2368,114.06,114.55,113.59,114.47,8445,2019-09-04 05:00:00
2369,115.24,116.4319,114.715,115.74,22204,2019-09-05 05:00:00
2370,115.28,117.0664,115.28,115.97,21764,2019-09-06 05:00:00
2371,115.93,115.93,114.25,114.49,8263,2019-09-09 05:00:00
2372,114.32,115.93,113.1,115.93,13293,2019-09-10 05:00:00
2373,116.39,118.5199,116.39,118.35,24681,2019-09-11 05:00:00
2374,118.27,118.69,117.3703,117.74,13258,2019-09-12 05:00:00
2375,117.7,118.79,117.365,117.45,13228,2019-09-13 05:00:00
2376,116.72,118.6255,116.72,118.55,16861,2019-09-16 05:00:00
2377,118.28,119.3,118.174,119.01,14744,2019-09-17 05:00:00
2378,118.8,118.8,116.792,117.9,129429,2019-09-18 05:00:00
2379,118.03,119.095,117.49,117.67,17830,2019-09-19 05:00:00
2380,117.59,118.44,117.4339,118.1,5293,2019-09-20 05:00:00
2381,117.37,118.05,117.01,117.31,19314,2019-09-23 05:00:00
2382,117.72,117.72,115.2819,115.45,9363,2019-09-24 05:00:00
2383,115.06,116.555,114.98,116.32,23507,2019-09-25 05:00:00
2384,115.9,116.0,113.66,114.06,16256,2019-09-26 05:00:00
2385,114.09,114.68,112.13,112.7975,8440,2019-09-27 05:00:00
2386,112.41,114.39,112.41,113.47,23415,2019-09-30 05:00:00
2387,113.23,115.0,110.81,111.24,24306,2019-10-01 05:00:00
2388,110.32,110.88,109.14,110.69,22249,2019-10-02 05:00:00
2389,110.64,111.95,109.13,111.95,8375,2019-10-03 05:00:00
2390,112.44,112.92,111.07,112.88,33717,2019-10-04 05:00:00
2391,112.21,113.775,112.21,113.019,43671,2019-10-07 05:00:00
2392,111.93,111.93,110.65,110.85,6620,2019-10-08 05:00:00
2393,111.41,111.456,110.7961,110.85,12304,2019-10-09 05:00:00
2394,110.75,111.2421,110.6471,111.055,9572,2019-10-10 05:00:00
2395,112.04,113.944,112.04,112.62,14180,2019-10-11 05:00:00
2396,112.21,112.65,111.6806,111.98,13500,2019-10-14 05:00:00
2397,112.28,114.6154,112.28,114.38,16172,2019-10-15 05:00:00
2398,113.99,115.63,113.99,115.4,22800,2019-10-16 05:00:00
2399,115.64,117.488,115.64,117.27,8270,2019-10-17 05:00:00
2400,116.85,117.3859,115.79,116.57,12802,2019-10-18 05:00:00
2401,117.23,117.67,116.72,116.72,11118,2019-10-21 05:00:00
2402,116.9,117.21,116.32,116.7,20720,2019-10-22 05:00:00
2403,116.53,117.035,116.42,116.78,7021,2019-10-23 05:00:00
2404,116.87,116.87,115.632,116.21,7667,2019-10-24 05:00:00
2405,116.0,117.825,116.0,117.2,26990,2019-10-25 05:00:00
2406,117.35,119.4899,117.35,118.85,19183,2019-10-28 05:00:00
2407,118.62,120.35,118.5376,119.89,15249,2019-10-29 05:00:00
2408,119.32,119.32,117.8256,118.64,10059,2019-10-30 05:00:00
2409,117.99,117.99,116.3142,117.3033,15958,2019-10-31 05:00:00
2410,117.99,119.5,117.9388,118.89,11094,2019-11-01 05:00:00
2411,118.93,120.11,118.93,119.51,17566,2019-11-04 06:00:00
2412,118.3,118.9336,117.99,118.15,7457,2019-11-05 06:00:00
2413,117.06,118.0,116.94,117.01,8448,2019-11-06 06:00:00
2414,117.18,118.08,116.33,116.63,10083,2019-11-07 06:00:00
2415,116.5,117.94,115.86,117.94,10251,2019-11-08 06:00:00
2416,116.96,117.5815,116.67,117.22,6704,2019-11-11 06:00:00
2417,117.02,118.3424,116.91,117.7684,18055,2019-11-12 06:00:00
2418,117.24,118.0456,116.4153,117.78,17779,2019-11-13 06:00:00
2419,117.31,118.0866,117.31,117.92,11019,2019-11-14 06:00:00
2420,118.19,119.41,117.7901,119.41,10741,2019-11-15 06:00:00
2421,118.67,120.1,118.67,119.81,19867,2019-11-18 06:00:00
2422,121.15,122.71,121.09,122.2018,24750,2019-11-19 06:00:00
2423,121.49,123.09,120.85,121.63,9620,2019-11-20 06:00:00
2424,122.24,122.5,121.3846,122.0,8852,2019-11-21 06:00:00
2425,122.31,122.67,121.4198,122.35,9367,2019-11-22 06:00:00
2426,123.62,128.17,123.62,128.02,38537,2019-11-25 06:00:00
2427,127.98,129.0357,127.98,128.21,15650,2019-11-26 06:00:00
2428,128.29,129.6339,128.29,129.37,23894,2019-11-27 06:00:00
2429,129.3,129.91,129.1841,129.5049,5777,2019-11-29 06:00:00
2430,129.26,129.3493,126.6638,126.74,14825,2019-12-02 06:00:00
2431,125.19,128.7319,125.19,128.31,10678,2019-12-03 06:00:00
2432,127.91,129.05,127.6554,128.89,12474,2019-12-04 06:00:00
2433,128.71,128.89,127.9,128.19,13667,2019-12-05 06:00:00
2434,128.41,130.8334,128.41,130.6625,117424,2019-12-06 06:00:00
2435,129.81,130.35,129.29,129.29,32185,2019-12-09 06:00:00
2436,129.15,129.89,128.8754,129.66,12007,2019-12-10 06:00:00
2437,129.87,129.87,128.5,128.52,13536,2019-12-11 06:00:00
2438,128.45,130.6113,128.45,129.26,17214,2019-12-12 06:00:00
2439,128.52,129.5439,127.52,127.81,18335,2019-12-13 06:00:00
2440,128.11,129.71,127.89,128.43,23319,2019-12-16 06:00:00
2441,128.31,128.9726,128.2001,128.92,20075,2019-12-17 06:00:00
2442,128.87,129.81,128.87,129.66,13303,2019-12-18 06:00:00
2443,129.97,130.67,129.6437,130.55,88223,2019-12-19 06:00:00
2444,131.16,131.17,130.26,130.26,14851,2019-12-20 06:00:00
2445,130.91,131.008,129.5,130.6967,14748,2019-12-23 06:00:00
2446,131.29,131.55,130.98,131.55,8771,2019-12-24 06:00:00
2447,130.85,130.85,129.85,129.98,11140,2019-12-26 06:00:00
2448,130.78,130.78,128.74,129.14,8930,2019-12-27 06:00:00
2449,129.02,129.02,127.81,128.36,18992,2019-12-30 06:00:00
2450,127.7,129.59,127.7,129.22,9960,2019-12-31 06:00:00
2451,130.0,130.0,127.1567,128.59,25393,2020-01-02 06:00:00
2452,126.77,128.7498,126.56,128.63,18234,2020-01-03 06:00:00
2453,127.66,129.74,126.66,129.51,16840,2020-01-06 06:00:00
2454,129.58,129.58,127.88,128.56,12767,2020-01-07 06:00:00
2455,128.12,130.11,128.0142,129.7109,10212,2020-01-08 06:00:00
2456,129.87,130.929,129.8339,130.13,201192,2020-01-09 06:00:00
2457,130.41,130.904,130.0708,130.4401,17131,2020-01-10 06:00:00
2458,130.05,131.2,129.36,130.96,17459,2020-01-13 06:00:00
2459,130.85,133.8302,130.75,133.24,31359,2020-01-14 06:00:00
2460,133.6,135.5067,133.59,134.87,23721,2020-01-15 06:00:00
2461,136.0,137.26,136.0,137.06,31631,2020-01-16 06:00:00
2462,137.26,137.9199,136.2194,136.52,22904,2020-01-17 06:00:00
2463,135.59,136.7744,135.59,135.95,24401,2020-01-21 06:00:00
2464,136.73,137.0012,136.135,136.26,12285,2020-01-22 06:00:00
2465,135.67,136.12,134.59,135.94,21665,2020-01-23 06:00:00
2466,136.03,136.03,132.5291,132.67,21946,2020-01-24 06:00:00
2467,130.76,132.65,130.18,132.24,47902,2020-01-27 06:00:00
2468,132.32,134.1,132.32,133.7,22360,2020-01-28 06:00:00
2469,134.16,134.16,132.99,132.99,8136,2020-01-29 06:00:00
2470,132.32,132.9,130.864,132.06,18503,2020-01-30 06:00:00
2471,132.09,132.09,129.02,129.35,30596,2020-01-31 06:00:00
2472,130.09,131.5999,130.09,130.687,14202,2020-02-03 06:00:00
2473,131.29,133.005,131.29,132.46,16605,2020-02-04 06:00:00
2474,132.89,135.5,132.89,135.42,40112,2020-02-05 06:00:00
2475,135.5,136.5,135.01,136.4,9977,2020-02-06 06:00:00
2476,134.84,134.84,133.24,133.59,9812,2020-02-07 06:00:00
2477,133.23,134.82,133.23,134.82,11820,2020-02-10 06:00:00
2478,135.03,136.8,135.03,136.53,11589,2020-02-11 06:00:00
2479,137.69,137.69,136.63,137.12,32191,2020-02-12 06:00:00
2480,136.16,137.6479,135.7,137.2761,14831,2020-02-13 06:00:00
2481,137.27,137.45,136.7568,137.2147,7409,2020-02-14 06:00:00
2482,136.82,137.6,135.716,136.86,10006,2020-02-18 06:00:00
2483,137.14,138.3167,137.14,138.15,18831,2020-02-19 06:00:00
2484,137.39,137.65,135.4757,137.1678,29897,2020-02-20 06:00:00
2485,136.21,137.16,135.85,135.98,19732,2020-02-21 06:00:00
2486,132.0,132.9968,131.335,132.2,23368,2020-02-24 06:00:00
2487,132.72,133.0849,128.9339,129.08,17798,2020-02-25 06:00:00
2488,128.74,130.48,127.6,128.37,40087,2020-02-26 06:00:00
2489,125.57,126.89,122.195,122.655,68705,2020-02-27 06:00:00
2490,118.69,121.55,117.85,120.24,51706,2020-02-28 06:00:00
2491,120.73,123.2,119.761,123.2,37348,2020-03-02 06:00:00
2492,123.17,125.9899,118.73,119.99,21226,2020-03-03 06:00:00
2493,122.37,125.01,122.26,125.01,20904,2020-03-04 06:00:00
2494,122.45,123.5,120.68,121.81,14649,2020-03-05 06:00:00
2495,118.77,120.896,117.13,119.98,17073,2020-03-06 06:00:00
2496,113.41,116.0,108.4693,111.01,248920,2020-03-09 05:00:00
2497,114.17,114.17,108.84,113.54,42939,2020-03-10 05:00:00
2498,111.02,111.6469,105.785,107.31,26145,2020-03-11 05:00:00
2499,102.11,102.81,95.57,97.22,93208,2020-03-12 05:00:00
2500,101.27,103.3,94.0201,103.3,53493,2020-03-13 05:00:00
2501,94.75,96.03,88.76,89.7,43042,2020-03-16 05:00:00
2502,90.6,93.94,86.325,93.87,38283,2020-03-17 05:00:00
2503,89.85,91.31,83.54,88.57,55912,2020-03-18 05:00:00
2504,86.87,93.5,86.63,91.68,30115,2020-03-19 05:00:00
2505,92.05,96.3892,88.71,89.69,48013,2020-03-20 05:00:00
2506,89.39,91.0,86.0409,89.56,38346,2020-03-23 05:00:00
2507,93.55,97.41,93.4,97.41,26865,2020-03-24 05:00:00
2508,98.55,101.05,96.015,97.66,15844,2020-03-25 05:00:00
2509,97.28,102.88,97.28,101.4,33329,2020-03-26 05:00:00
2510,99.0,99.095,96.13,96.43,38877,2020-03-27 05:00:00
2511,96.91,102.61,96.91,102.3394,25024,2020-03-30 05:00:00
2512,101.24,104.3999,101.24,103.36,39053,2020-03-31 05:00:00
2513,100.1,100.1,95.2908,96.13,13596,2020-04-01 05:00:00
2514,96.11,98.87,95.5392,98.77,16709,2020-04-02 05:00:00
2515,98.6,99.3307,94.61,95.45,21981,2020-04-03 05:00:00
2516,98.42,103.035,98.42,102.73,21169,2020-04-06 05:00:00
2517,105.17,105.9602,101.39,101.4663,15672,2020-04-07 05:00:00
2518,102.29,106.6529,102.205,105.77,11119,2020-04-08 05:00:00
2519,106.95,110.55,106.95,110.44,33377,2020-04-09 05:00:00
2520,109.75,109.82,106.874,108.4,9285,2020-04-13 05:00:00
2521,110.0,111.23,108.712,110.9,14229,2020-04-14 05:00:00
2522,107.71,108.55,106.5416,106.74,15160,2020-04-15 05:00:00
2523,106.87,107.65,105.15,107.38,14939,2020-04-16 05:00:00
2524,109.93,112.49,109.712,112.34,11908,2020-04-17 05:00:00
2525,111.3,113.76,110.5,111.73,21646,2020-04-20 05:00:00
2526,109.3,109.7505,107.54,108.052,14154,2020-04-21 05:00:00
2527,109.55,110.2,108.71,108.8501,12042,2020-04-22 05:00:00
2528,109.6,112.2,109.6,110.87,8284,2020-04-23 05:00:00
2529,111.7,113.09,111.69,112.7,10425,2020-04-24 05:00:00
2530,113.2,117.6499,113.2,116.76,18407,2020-04-27 05:00:00
2531,119.32,119.32,114.537,114.537,24170,2020-04-28 05:00:00
2532,118.35,120.734,115.71,120.05,19519,2020-04-29 05:00:00
2533,118.34,118.47,116.14,116.14,55651,2020-04-30 05:00:00
2534,114.21,114.97,110.55,112.0371,9118,2020-05-01 05:00:00
2535,110.6,112.2289,110.25,112.08,28534,2020-05-04 05:00:00
2536,114.96,116.8,114.63,114.795,13924,2020-05-05 05:00:00
2537,115.05,115.4624,113.78,113.78,8600,2020-05-06 05:00:00
2538,114.91,115.315,114.41,114.635,9796,2020-05-07 05:00:00
2539,116.12,116.99,115.61,115.88,6138,2020-05-08 05:00:00
2540,115.75,119.01,115.4101,118.27,12192,2020-05-11 05:00:00
2541,119.49,119.49,114.41,114.41,37369,2020-05-12 05:00:00
2542,113.87,114.27,108.63,110.25,48597,2020-05-13 05:00:00
2543,108.8,110.3544,106.2701,110.3,11513,2020-05-14 05:00:00
2544,109.06,112.995,109.06,112.76,7450,2020-05-15 05:00:00
2545,116.09,118.9,116.09,118.9,14626,2020-05-18 05:00:00
2546,118.22,118.5852,115.8,115.8,9822,2020-05-19 05:00:00
2547,117.96,119.6219,117.2001,118.83,157238,2020-05-20 05:00:00
2548,118.27,119.0399,116.9484,118.625,10324,2020-05-21 05:00:00
2549,119.0,119.35,118.0,119.35,5341,2020-05-22 05:00:00
2550,121.87,122.56,120.56,120.66,11729,2020-05-26 05:00:00
2551,121.5,123.765,119.01,123.74,8281,2020-05-27 05:00:00
2552,123.63,125.13,120.86,121.25,18781,2020-05-28 05:00:00
2553,120.78,120.98,117.86,120.36,12020,2020-05-29 05:00:00
2554,120.2619,121.835,120.2619,120.73,9554,2020-06-01 05:00:00
2555,120.54,120.86,119.21,120.86,6554,2020-06-02 05:00:00
2556,121.65,123.0,121.65,122.58,11578,2020-06-03 05:00:00
2557,120.69,122.8499,120.69,121.1,16466,2020-06-04 05:00:00
2558,123.5,127.37,123.5,125.86,10492,2020-06-05 05:00:00
2559,126.0,126.3461,125.39,125.8863,16138,2020-06-08 05:00:00
2560,124.7,125.86,124.06,124.06,13429,2020-06-09 05:00:00
2561,123.87,123.87,121.09,121.42,16859,2020-06-10 05:00:00
2562,117.48,117.48,112.5,112.77,17816,2020-06-11 05:00:00
2563,115.0,116.0899,111.25,112.88,12042,2020-06-12 05:00:00
2564,111.39,118.4455,111.39,117.66,15392,2020-06-15 05:00:00
2565,120.29,122.05,117.987,119.46,15428,2020-06-16 05:00:00
2566,119.9,120.43,118.19,118.2496,5584,2020-06-17 05:00:00
2567,117.25,119.1292,117.25,117.9401,12931,2020-06-18 05:00:00
2568,118.95,120.265,118.19,118.19,4609,2020-06-19 05:00:00
2569,117.4005,120.0235,117.4005,119.97,8939,2020-06-22 05:00:00
2570,121.04,121.81,120.5201,120.8941,14710,2020-06-23 05:00:00
2571,119.46,119.46,116.6419,117.18,8276,2020-06-24 05:00:00
2572,116.4,119.19,116.4,119.19,12007,2020-06-25 05:00:00
2573,117.47,117.675,115.79,115.79,2998,2020-06-26 05:00:00
2574,116.13,119.24,115.98,118.64,13511,2020-06-29 05:00:00
2575,118.1,121.11,118.1,121.11,5379,2020-06-30 05:00:00
2576,120.55,122.09,120.4162,121.0,6879,2020-07-01 05:00:00
2577,121.83,123.0,121.76,121.93,6013,2020-07-02 05:00:00
2578,122.84,123.79,122.715,122.78,12920,2020-07-06 05:00:00
2579,121.84,123.7,121.285,121.37,29448,2020-07-07 05:00:00
2580,121.11,122.4209,120.0901,122.16,15838,2020-07-08 05:00:00
2581,121.79,122.3441,119.355,121.06,15880,2020-07-09 05:00:00
2582,120.52,122.17,120.52,121.8094,59556,2020-07-10 05:00:00
2583,122.45,125.2799,120.4,120.4,40386,2020-07-13 05:00:00
2584,119.79,122.49,119.6741,122.49,12557,2020-07-14 05:00:00
2585,124.64,128.32,124.64,127.97,39112,2020-07-15 05:00:00
2586,128.0,128.0,125.0619,125.89,5701,2020-07-16 05:00:00
2587,125.74,127.6,125.74,127.25,12763,2020-07-17 05:00:00
2588,127.01,127.6599,126.2,126.93,8542,2020-07-20 05:00:00
2589,127.02,128.32,127.02,127.41,16881,2020-07-21 05:00:00
2590,126.93,127.73,126.235,126.53,145275,2020-07-22 05:00:00
2591,127.19,127.9282,125.47,126.44,6931,2020-07-23 05:00:00
2592,125.4,125.4,124.29,124.42,4721,2020-07-24 05:00:00
2593,124.49,126.78,124.49,126.74,5218,2020-07-27 05:00:00
2594,127.195,127.5,125.2337,125.2337,8442,2020-07-28 05:00:00
2595,126.8,128.16,126.8,127.98,7164,2020-07-29 05:00:00
2596,126.2,129.0,126.2,128.82,13543,2020-07-30 05:00:00
2597,128.74,129.5,125.53,127.42,11900,2020-07-31 05:00:00
2598,127.85,130.215,127.85,130.21,12367,2020-08-03 05:00:00
2599,130.0,130.0,128.921,129.369,6140,2020-08-04 05:00:00
2600,129.8,131.0,129.77,131.0,10684,2020-08-05 05:00:00
2601,130.21,131.0,129.26,129.8191,4051,2020-08-06 05:00:00
2602,129.53,131.5849,129.53,131.2479,6832,2020-08-07 05:00:00
2603,131.13,131.2,129.83,129.83,5932,2020-08-10 05:00:00
2604,130.03,131.05,128.5276,128.5276,6975,2020-08-11 05:00:00
2605,129.45,131.25,129.45,130.52,16685,2020-08-12 05:00:00
2606,130.5,131.5,130.5,131.31,40810,2020-08-13 05:00:00
2607,130.01,130.01,129.4714,129.5,6384,2020-08-14 05:00:00
2608,129.44,131.23,129.44,131.0165,20170,2020-08-17 05:00:00
2609,130.95,130.95,129.56,130.3825,11305,2020-08-18 05:00:00
2610,134.0,135.1,133.94,134.06,15324,2020-08-19 05:00:00
2611,133.26,134.17,133.26,133.39,8866,2020-08-20 05:00:00
2612,132.69,133.2,131.735,132.13,5677,2020-08-21 05:00:00
2613,133.62,133.62,130.8101,131.02,10624,2020-08-24 05:00:00
2614,131.52,132.89,131.47,132.715,5833,2020-08-25 05:00:00
2615,132.41,132.41,131.2501,131.8901,9485,2020-08-26 05:00:00
2616,131.71,132.63,131.325,132.2,4498,2020-08-27 05:00:00
2617,131.859,132.4987,131.73,132.4043,13123,2020-08-28 05:00:00
2618,132.4,133.4923,132.11,133.26,7303,2020-08-31 05:00:00
2619,132.99,132.99,131.3,131.61,14013,2020-09-01 05:00:00
2620,131.78,135.72,131.32,135.72,9638,2020-09-02 05:00:00
2621,134.55,134.8,131.365,131.47,7636,2020-09-03 05:00:00
2622,130.0,131.0307,127.24,130.15,11864,2020-09-04 05:00:00
2623,127.6,130.32,127.57,128.61,12972,2020-09-08 05:00:00
2624,130.24,131.11,129.04,130.81,7820,2020-09-09 05:00:00
2625,131.71,131.71,129.265,129.49,4813,2020-09-10 05:00:00
2626,130.23,130.23,126.3822,127.34,41172,2020-09-11 05:00:00
2627,128.11,129.68,128.11,129.61,5030,2020-09-14 05:00:00
2628,129.89,130.2557,129.2899,129.2899,6964,2020-09-15 05:00:00
2629,131.0,131.44,130.32,130.39,17341,2020-09-16 05:00:00
2630,129.12,129.9,128.2,129.8399,4133,2020-09-17 05:00:00
2631,129.99,132.325,129.46,130.37,7334,2020-09-18 05:00:00
2632,125.61,125.8213,125.5001,125.5001,6833,2020-09-21 05:00:00
2633,126.99,127.2901,125.419,127.11,7944,2020-09-22 05:00:00
2634,127.22,127.22,124.15,124.15,7096,2020-09-23 05:00:00
2635,124.39,126.29,123.65,125.1566,46788,2020-09-24 05:00:00
2636,125.49,128.3888,125.49,128.07,7038,2020-09-25 05:00:00
2637,129.5,130.8499,129.5,129.9991,6073,2020-09-28 05:00:00
2638,129.29,131.26,129.29,131.14,4177,2020-09-29 05:00:00
2639,130.67,132.88,130.67,132.1,10001,2020-09-30 05:00:00
2640,132.37,133.075,131.28,132.05,7374,2020-10-01 05:00:00
2641,129.95,131.48,129.52,130.94,10347,2020-10-02 05:00:00
2642,131.89,135.2099,131.89,134.9,8358,2020-10-05 05:00:00
2643,135.33,138.2927,135.33,135.39,14095,2020-10-06 05:00:00
2644,136.8501,137.6,136.45,137.5399,24337,2020-10-07 05:00:00
2645,137.21,138.36,137.1501,137.98,7833,2020-10-08 05:00:00
2646,138.18,139.03,138.18,139.03,9602,2020-10-09 05:00:00
2647,138.79,139.7099,138.48,138.95,5381,2020-10-12 05:00:00
2648,137.97,139.1199,137.23,139.0615,9556,2020-10-13 05:00:00
2649,139.54,141.35,138.98,139.3034,19437,2020-10-14 05:00:00
2650,137.0,140.2,136.14,139.93,5563,2020-10-15 05:00:00
2651,139.96,141.378,139.39,139.39,9609,2020-10-16 05:00:00
2652,139.91,139.91,137.39,137.58,10728,2020-10-19 05:00:00
2653,137.85,138.5599,137.3716,138.4985,5891,2020-10-20 05:00:00
2654,137.74,137.74,137.74,137.165,4405,2020-10-21 05:00:00
2655,138.14,139.45,137.7799,139.37,6621,2020-10-22 05:00:00
2656,140.41,140.41,139.0,140.0521,4547,2020-10-23 05:00:00
2657,138.45,138.46,137.1115,138.2081,9699,2020-10-26 05:00:00
2658,138.1,138.525,137.39,137.39,2989,2020-10-27 05:00:00
2659,135.77,135.77,133.7981,133.7981,17829,2020-10-28 05:00:00
2660,134.78,136.4,132.51,136.34,14386,2020-10-29 05:00:00
2661,136.01,136.39,132.6673,133.66,11408,2020-10-30 05:00:00
2662,134.95,135.85,133.368,135.39,5816,2020-11-02 06:00:00
2663,137.07,139.5699,137.07,139.53,6393,2020-11-03 06:00:00
2664,139.08,142.46,139.08,140.5,9484,2020-11-04 06:00:00
2665,141.43,142.025,140.7387,141.42,10924,2020-11-05 06:00:00
2666,141.73,142.08,140.51,140.51,24237,2020-11-06 06:00:00
2667,144.77,148.3,144.01,145.54,9627,2020-11-09 06:00:00
2668,146.23,148.69,145.01,147.9,14231,2020-11-10 06:00:00
2669,149.2653,149.2653,147.065,147.92,8547,2020-11-11 06:00:00
2670,148.0,148.0,145.1561,145.69,5594,2020-11-12 06:00:00
2671,146.65,148.95,146.65,148.37,6152,2020-11-13 06:00:00
2672,150.1,151.3099,148.95,150.17,12042,2020-11-16 06:00:00
2673,148.55,151.53,147.1,151.1,24685,2020-11-17 06:00:00
2674,150.91,152.1,148.5599,148.56,9800,2020-11-18 06:00:00
2675,148.925,150.21,148.16,150.2,10028,2020-11-19 06:00:00
2676,150.53,151.169,149.2198,150.49,9252,2020-11-20 06:00:00
2677,152.25,153.2755,151.89,152.912,19342,2020-11-23 06:00:00
2678,154.64,155.975,153.59,155.18,17707,2020-11-24 06:00:00
2679,155.4,155.4,153.9362,154.9429,7918,2020-11-25 06:00:00
2680,155.29,155.86,154.6901,155.8246,4727,2020-11-27 06:00:00
2681,156.28,156.28,154.13,154.16,9624,2020-11-30 06:00:00
2682,155.05,156.0199,154.705,154.95,10120,2020-12-01 06:00:00
2683,154.2019,155.72,154.2019,155.55,19347,2020-12-02 06:00:00
2684,154.95,156.2463,154.95,154.97,12332,2020-12-03 06:00:00
2685,156.0,158.3955,155.84,158.31,14442,2020-12-04 06:00:00
2686,159.26,159.26,157.5,157.98,44037,2020-12-07 06:00:00
2687,158.07,160.905,158.07,160.905,9522,2020-12-08 06:00:00
2688,162.14,162.51,160.0334,161.0232,18210,2020-12-09 06:00:00
2689,160.22,162.8847,160.22,162.88,11475,2020-12-10 06:00:00
2690,162.29,162.94,159.46,160.7985,10256,2020-12-11 06:00:00
2691,162.04,163.3384,161.2256,161.41,7984,2020-12-14 06:00:00
2692,161.45,164.44,161.0,164.19,7835,2020-12-15 06:00:00
2693,165.71,165.71,163.97,163.97,6400,2020-12-16 06:00:00
2694,164.52,165.25,164.0,165.25,4282,2020-12-17 06:00:00
2695,166.51,168.3214,166.3,166.3,12434,2020-12-18 06:00:00
2696,165.21,167.06,164.23,167.06,11118,2020-12-21 06:00:00
2697,168.015,169.82,168.015,169.39,11388,2020-12-22 06:00:00
2698,170.1,170.765,170.05,170.24,12001,2020-12-23 06:00:00
2699,170.7201,170.7201,169.795,170.2476,3327,2020-12-24 06:00:00
2700,171.23,171.23,169.6365,169.85,24028,2020-12-28 06:00:00
2701,170.98,170.98,166.39,167.92,8857,2020-12-29 06:00:00
2702,169.31,170.24,168.75,169.44,20829,2020-12-30 06:00:00
2703,169.92,170.0,168.3593,169.89,10611,2020-12-31 06:00:00
2704,170.17,171.4984,168.0,170.3695,10798,2021-01-04 06:00:00
2705,170.59,174.3063,170.59,173.2485,47791,2021-01-05 06:00:00
2706,173.71,179.5088,173.22,178.76,17389,2021-01-06 06:00:00
2707,179.21,181.4505,179.21,181.06,25478,2021-01-07 06:00:00
2708,182.19,182.19,177.44,180.0,16923,2021-01-08 06:00:00
2709,179.0,180.21,177.6664,179.3299,9111,2021-01-11 06:00:00
2710,180.45,181.4537,180.295,180.98,8790,2021-01-12 06:00:00
2711,181.05,181.53,180.685,180.69,25136,2021-01-13 06:00:00
2712,180.88,185.1399,180.88,184.9,20569,2021-01-14 06:00:00
2713,183.92,184.04,181.9532,182.2085,7692,2021-01-15 06:00:00
2714,183.86,184.87,183.6846,184.64,14970,2021-01-19 06:00:00
2715,186.45,187.09,184.18,185.75,39702,2021-01-20 06:00:00
2716,186.74,186.74,183.5,184.0607,11092,2021-01-21 06:00:00
2717,183.79,185.8519,182.7854,185.8519,10574,2021-01-22 06:00:00
2718,187.15,187.45,185.0,186.6,10557,2021-01-25 06:00:00
2719,188.49,188.525,186.6,187.59,12390,2021-01-26 06:00:00
2720,184.42,187.4332,182.02,184.8,12732,2021-01-27 06:00:00
2721,185.07,186.95,181.49,182.7363,11123,2021-01-28 06:00:00
2722,183.29,184.09,179.36,180.455,13878,2021-01-29 06:00:00
2723,182.81,185.2075,181.645,185.2075,8994,2021-02-01 06:00:00
2724,187.2,188.8024,186.55,186.6,15144,2021-02-02 06:00:00
2725,187.72,187.99,185.0,186.9471,12143,2021-02-03 06:00:00
2726,186.7258,189.4185,186.7258,188.525,9154,2021-02-04 06:00:00
2727,190.59,191.58,189.015,191.58,9420,2021-02-05 06:00:00
2728,193.68,196.43,192.49,196.25,38591,2021-02-08 06:00:00
2729,197.92,199.21,196.5621,197.73,19116,2021-02-09 06:00:00
2730,199.88,199.88,196.94,197.24,17759,2021-02-10 06:00:00
2731,198.59,198.8736,195.3801,197.88,23996,2021-02-11 06:00:00
2732,197.94,198.06,196.7,196.85,10218,2021-02-12 06:00:00
2733,198.52,198.52,192.6,194.02,21428,2021-02-16 06:00:00
2734,193.92,193.92,191.25,193.3,12305,2021-02-17 06:00:00
2735,192.94,192.94,188.4917,189.39,17196,2021-02-18 06:00:00
2736,190.99,192.287,189.32,190.9821,13422,2021-02-19 06:00:00
2737,189.98,189.98,187.19,187.48,19764,2021-02-22 06:00:00
2738,185.01,187.08,183.0,186.25,33090,2021-02-23 06:00:00
2739,187.48,191.85,187.48,191.1755,19575,2021-02-24 06:00:00
2740,189.78,191.11,184.69,185.17,10704,2021-02-25 06:00:00
2741,184.87,186.5,182.4,185.5388,17143,2021-02-26 06:00:00
2742,188.04,188.04,184.97,186.69,13352,2021-03-01 06:00:00
2743,186.05,186.05,183.97,184.305,23953,2021-03-02 06:00:00
2744,183.97,183.97,180.013,180.45,14880,2021-03-03 06:00:00
2745,179.25,179.8174,173.7529,175.35,29325,2021-03-04 06:00:00
2746,177.89,178.0,171.813,178.0,24798,2021-03-05 06:00:00
2747,179.84,181.4402,178.7342,178.7342,30763,2021-03-08 06:00:00
2748,181.65,185.22,181.65,184.19,11721,2021-03-09 06:00:00
2749,186.03,187.82,185.38,186.56,13034,2021-03-10 06:00:00
2750,188.51,189.46,187.8742,189.46,10609,2021-03-11 06:00:00
2751,189.0,191.5,188.5,191.4051,8220,2021-03-12 06:00:00
2752,192.15,193.07,191.1991,192.39,30257,2021-03-15 05:00:00
2753,192.89,192.89,189.22,189.64,10154,2021-03-16 05:00:00
2754,189.6,192.72,187.0001,191.0,11073,2021-03-17 05:00:00
2755,191.5,192.17,187.17,187.25,10524,2021-03-18 05:00:00
2756,187.44,189.74,185.88,189.33,13994,2021-03-19 05:00:00
2757,190.71,190.71,188.16,189.74,7620,2021-03-22 05:00:00
2758,189.68,189.68,182.8,183.76,17409,2021-03-23 05:00:00
2759,185.24,186.03,179.45,179.45,9148,2021-03-24 05:00:00
2760,178.12,183.5,177.67,183.18,9500,2021-03-25 05:00:00
2761,184.18,184.91,181.6056,183.93,5934,2021-03-26 05:00:00
2762,183.73,183.8507,180.7,180.74,6606,2021-03-29 05:00:00
2763,180.67,181.73,179.8481,180.86,6937,2021-03-30 05:00:00
2764,182.47,185.5,182.47,183.97,15911,2021-03-31 05:00:00
2765,186.25,186.42,184.3736,185.064,9538,2021-04-01 05:00:00
2766,186.36,186.686,184.5,185.19,8714,2021-04-05 05:00:00
2767,184.18,187.04,184.18,185.2,9970,2021-04-06 05:00:00
2768,185.06,185.06,181.6,181.6,11153,2021-04-07 05:00:00
2769,182.68,183.56,181.401,183.56,12854,2021-04-08 05:00:00
2770,183.91,183.91,182.2515,182.3231,7253,2021-04-09 05:00:00
2771,182.83,183.14,181.63,182.53,9204,2021-04-12 05:00:00
2772,181.87,183.795,181.87,183.6482,6556,2021-04-13 05:00:00
2773,185.37,187.355,185.0,185.221,5205,2021-04-14 05:00:00
2774,186.98,186.98,186.217,186.5012,7021,2021-04-15 05:00:00
2775,188.02,188.02,184.93,186.11,8897,2021-04-16 05:00:00
2776,184.6,184.94,182.1913,183.57,6149,2021-04-19 05:00:00
2777,183.39,183.5888,180.29,181.56,32999,2021-04-20 05:00:00
2778,182.42,186.76,182.42,186.76,7201,2021-04-21 05:00:00
2779,187.03,190.2,187.03,187.9868,7931,2021-04-22 05:00:00
2780,188.01,190.37,187.9401,189.597,8832,2021-04-23 05:00:00
2781,189.11,190.85,189.11,190.4686,11684,2021-04-26 05:00:00
2782,190.61,190.61,189.21,189.21,7826,2021-04-27 05:00:00
2783,188.5701,190.44,188.5701,189.9701,4460,2021-04-28 05:00:00
2784,189.0801,189.11,187.5703,188.3225,3826,2021-04-29 05:00:00
2785,187.23,188.68,186.3201,186.82,5532,2021-04-30 05:00:00
2786,187.84,189.141,187.4,189.141,13176,2021-05-03 05:00:00
2787,185.8,185.8,184.45,185.5301,7532,2021-05-04 05:00:00
2788,186.34,186.34,183.2,183.51,9914,2021-05-05 05:00:00
2789,182.97,184.0,179.71,184.0,22765,2021-05-06 05:00:00
2790,184.11,187.88,184.11,186.247,17807,2021-05-07 05:00:00
2791,185.46,186.015,180.959,180.959,7323,2021-05-10 05:00:00
2792,176.96,181.4199,175.1,180.73,11512,2021-05-11 05:00:00
2793,179.05,180.24,176.44,176.44,8564,2021-05-12 05:00:00
2794,176.85,179.1479,175.6895,177.95,6752,2021-05-13 05:00:00
2795,178.73,181.0,178.73,181.0,3606,2021-05-14 05:00:00
2796,180.87,180.87,180.15,180.6,2868,2021-05-17 05:00:00
2797,180.3,183.2375,180.3,180.97,5222,2021-05-18 05:00:00
2798,178.14,181.212,178.14,181.0367,5530,2021-05-19 05:00:00
2799,181.95,183.17,181.63,182.998,6888,2021-05-20 05:00:00
2800,183.41,185.5119,183.35,183.35,5090,2021-05-21 05:00:00
2801,183.71,184.21,183.5119,183.77,3423,2021-05-24 05:00:00
2802,183.05,185.0,181.6,181.6,3292,2021-05-25 05:00:00
2803,181.49,184.68,180.93,184.68,4182,2021-05-26 05:00:00
2804,185.48,186.1177,185.48,185.94,3353,2021-05-27 05:00:00
2805,186.88,186.88,185.9579,185.9579,3904,2021-05-28 05:00:00
2806,186.4,186.4631,185.0281,186.4631,3811,2021-06-01 05:00:00
2807,186.58,186.58,183.665,183.7799,5790,2021-06-02 05:00:00
2808,183.26,184.0432,182.01,183.77,3525,2021-06-03 05:00:00
2809,184.41,185.15,184.27,184.635,2527,2021-06-04 05:00:00
2810,184.12,187.8918,184.12,187.8099,4652,2021-06-07 05:00:00
2811,188.23,189.47,186.76,189.3933,5466,2021-06-08 05:00:00
2812,189.33,190.71,189.33,190.06,4691,2021-06-09 05:00:00
2813,190.08,190.6723,189.43,190.6723,3858,2021-06-10 05:00:00
2814,190.37,190.8132,189.385,190.3799,3865,2021-06-11 05:00:00
2815,190.38,191.3002,190.12,191.06,3101,2021-06-14 05:00:00
2816,191.015,191.8573,190.525,191.555,4613,2021-06-15 05:00:00
2817,191.88,192.99,191.37,192.99,17699,2021-06-16 05:00:00
2818,193.16,193.99,191.5,193.78,5841,2021-06-17 05:00:00
2819,192.0,192.0,189.8911,190.03,4574,2021-06-18 05:00:00
2820,191.76,193.85,190.0,193.85,21470,2021-06-21 05:00:00
2821,193.82,194.319,192.5795,194.059,3899,2021-06-22 05:00:00
2822,195.0,195.21,193.9901,194.43,4211,2021-06-23 05:00:00
2823,195.4843,196.865,195.4843,196.865,7881,2021-06-24 05:00:00
2824,196.83,199.0,196.83,198.17,9856,2021-06-25 05:00:00
2825,199.32,199.32,195.4501,196.35,20942,2021-06-28 05:00:00
2826,195.79,196.255,194.1803,194.1803,13881,2021-06-29 05:00:00
2827,194.37,194.37,192.63,193.75,7139,2021-06-30 05:00:00
2828,194.41,195.77,194.41,195.53,4660,2021-07-01 05:00:00
2829,195.52,195.52,193.08,193.58,10005,2021-07-02 05:00:00
2830,193.28,193.28,190.861,193.11,7527,2021-07-06 05:00:00
2831,193.5,193.5,190.95,192.37,4928,2021-07-07 05:00:00
2832,187.93,191.3,187.63,190.6199,5569,2021-07-08 05:00:00
2833,192.37,192.5,192.2014,192.32,3886,2021-07-09 05:00:00
2834,191.79,193.99,191.79,193.99,8108,2021-07-12 05:00:00
2835,193.19,193.19,189.73,189.73,3892,2021-07-13 05:00:00
2836,189.91,189.91,184.83,184.83,18880,2021-07-14 05:00:00
2837,184.83,184.83,181.35,182.1771,7176,2021-07-15 05:00:00
2838,184.16,185.22,182.9899,182.9899,3528,2021-07-16 05:00:00
2839,180.87,184.6,180.87,182.01,7148,2021-07-19 05:00:00
2840,183.45,188.25,183.45,187.875,6712,2021-07-20 05:00:00
2841,188.25,189.83,188.25,189.83,4456,2021-07-21 05:00:00
2842,189.82,189.82,187.1,187.54,9284,2021-07-22 05:00:00
2843,188.76,189.15,187.31,188.82,5198,2021-07-23 05:00:00
2844,187.6796,188.015,187.5001,187.85,3022,2021-07-26 05:00:00
2845,187.31,187.7525,186.5701,187.73,2046,2021-07-27 05:00:00
2846,188.897,190.9793,188.897,190.9793,2404,2021-07-28 05:00:00
2847,190.9,191.13,190.145,190.48,2815,2021-07-29 05:00:00
2848,191.1316,191.6,190.01,190.2744,2885,2021-07-30 05:00:00
2849,191.35,191.35,189.87,190.17,6696,2021-08-02 05:00:00
2850,190.75,191.2347,189.163,190.9664,4822,2021-08-03 05:00:00
2851,190.03,191.5,189.02,189.02,2340,2021-08-04 05:00:00
2852,189.0593,190.335,189.0,190.335,3366,2021-08-05 05:00:00
2853,192.2,192.2,189.5796,191.47,4119,2021-08-06 05:00:00
2854,190.05,190.3099,189.01,189.01,2621,2021-08-09 05:00:00
2855,187.8,188.0237,186.02,186.02,5041,2021-08-10 05:00:00
2856,185.48,186.02,183.96,185.495,7878,2021-08-11 05:00:00
2857,185.6,186.76,185.6,186.76,6169,2021-08-12 05:00:00
2858,186.01,186.1,185.0,185.0,3998,2021-08-13 05:00:00
2859,185.01,186.91,184.0,185.9374,4859,2021-08-16 05:00:00
2860,184.19,184.62,183.0,184.6,3775,2021-08-17 05:00:00
2861,183.96,185.3284,183.5,183.525,3484,2021-08-18 05:00:00
2862,181.65,182.035,180.4929,180.69,9401,2021-08-19 05:00:00
2863,181.06,183.92,181.05,183.92,5239,2021-08-20 05:00:00
2864,185.32,187.375,185.3001,187.375,6256,2021-08-23 05:00:00
2865,187.5,187.5,186.09,186.96,8055,2021-08-24 05:00:00
2866,186.465,187.83,186.465,187.0499,3526,2021-08-25 05:00:00
2867,186.92,187.33,185.32,186.0299,3401,2021-08-26 05:00:00
2868,185.46,190.6099,185.46,190.445,3013,2021-08-27 05:00:00
2869,189.91,191.1327,189.91,190.59,4227,2021-08-30 05:00:00
2870,190.65,191.11,190.65,191.11,2882,2021-08-31 05:00:00
2871,191.58,192.6,190.424,192.45,5965,2021-09-01 05:00:00
2872,193.4666,195.1899,193.4666,194.69,7090,2021-09-02 05:00:00
2873,194.4,194.4,193.15,193.15,2238,2021-09-03 05:00:00
2874,192.02,192.02,190.2436,190.5137,3910,2021-09-07 05:00:00
2875,189.13,189.81,188.55,189.12,4054,2021-09-08 05:00:00
2876,189.24,190.35,188.31,188.31,6131,2021-09-09 05:00:00
2877,188.38,188.38,186.62,186.62,4074,2021-09-10 05:00:00
2878,187.47,187.47,184.6904,185.775,4739,2021-09-13 05:00:00
2879,186.645,187.0,185.1706,186.05,3514,2021-09-14 05:00:00
2880,185.06,185.7438,184.0,185.1346,4397,2021-09-15 05:00:00
2881,186.11,186.11,183.68,185.538,4269,2021-09-16 05:00:00
2882,185.4783,186.3894,185.4783,185.8425,3086,2021-09-17 05:00:00
2883,184.67,185.2175,180.5,182.38,8562,2021-09-20 05:00:00
2884,184.0,184.2211,182.65,183.4878,4676,2021-09-21 05:00:00
2885,183.37,186.3,183.37,185.49,6875,2021-09-22 05:00:00
2886,185.54,187.69,185.54,187.0199,4266,2021-09-23 05:00:00
2887,185.64,186.13,184.78,184.8,3899,2021-09-24 05:00:00
2888,184.5,187.0289,184.5,186.35,2724,2021-09-27 05:00:00
2889,185.23,185.23,182.69,182.71,6856,2021-09-28 05:00:00
2890,184.69,184.69,182.96,183.33,5730,2021-09-29 05:00:00
2891,183.54,186.0,182.54,182.54,7286,2021-09-30 05:00:00
2892,183.29,185.25,180.95,183.84,4731,2021-10-01 05:00:00
2893,183.43,183.43,179.8291,180.4,6324,2021-10-04 05:00:00
2894,181.2,182.25,180.4634,180.49,6285,2021-10-05 05:00:00
2895,179.36,179.36,177.16,178.5893,4498,2021-10-06 05:00:00
2896,180.27,183.0,180.27,181.4,4941,2021-10-07 05:00:00
2897,181.73,181.73,179.13,179.13,3339,2021-10-08 05:00:00
2898,178.5,178.5,178.5,178.5,1897,2021-10-11 05:00:00
2899,177.94,179.069,177.5,178.0,1857,2021-10-12 05:00:00
2900,178.53,178.905,178.19,178.19,2305,2021-10-13 05:00:00
2901,180.0,180.54,178.36,178.91,9649,2021-10-14 05:00:00
2902,180.47,180.61,177.94,177.97,4480,2021-10-15 05:00:00
2903,176.9,177.47,176.0,177.19,4804,2021-10-18 05:00:00
2904,177.87,180.0,177.87,178.81,6479,2021-10-19 05:00:00
2905,178.58,179.8733,178.58,179.2524,3628,2021-10-20 05:00:00
2906,180.07,180.2094,179.46,180.0501,16598,2021-10-21 05:00:00
2907,180.09,180.65,179.24,180.155,2970,2021-10-22 05:00:00
2908,180.65,180.65,179.855,180.0,6486,2021-10-25 05:00:00
2909,180.45,180.54,179.53,179.53,7456,2021-10-26 05:00:00
2910,177.0,178.2999,176.92,177.5539,7674,2021-10-27 05:00:00
2911,178.63,182.1434,178.63,182.1199,6620,2021-10-28 05:00:00
2912,181.95,182.71,181.5,182.582,4525,2021-10-29 05:00:00
2913,182.94,185.16,182.94,185.1116,4915,2021-11-01 05:00:00
2914,183.9,185.46,183.76,185.03,3299,2021-11-02 05:00:00
2915,185.6,191.29,185.6,191.13,11639,2021-11-03 05:00:00
2916,191.65,191.6766,189.59,190.0,6351,2021-11-04 05:00:00
2917,191.56,193.56,191.171,192.12,9299,2021-11-05 05:00:00
2918,193.2,194.29,192.45,192.45,4928,2021-11-08 06:00:00
2919,192.01,192.125,190.73,191.33,12818,2021-11-09 06:00:00
2920,190.29,192.49,189.32,189.84,9308,2021-11-10 06:00:00
2921,190.4701,190.7059,190.18,190.18,9167,2021-11-11 06:00:00
2922,190.31,191.16,190.23,190.26,9747,2021-11-12 06:00:00
2923,190.48,190.6073,188.56,188.76,6375,2021-11-15 06:00:00
2924,188.06,189.9267,187.5,189.34,3725,2021-11-16 06:00:00
2925,188.97,189.7715,188.89,188.945,5851,2021-11-17 06:00:00
2926,189.08,189.21,185.37,186.36,8376,2021-11-18 06:00:00
2927,185.76,187.0619,185.6484,185.73,15006,2021-11-19 06:00:00
2928,186.22,187.425,185.0,185.89,8833,2021-11-22 06:00:00
2929,184.64,185.4599,181.655,183.418,4830,2021-11-23 06:00:00
2930,181.45,182.8115,181.26,182.5993,2607,2021-11-24 06:00:00
2931,178.3807,181.0768,175.84,177.2589,6278,2021-11-26 06:00:00
2932,180.07,180.07,175.27,175.27,6732,2021-11-29 06:00:00
2933,174.03,174.6967,171.73,172.45,10273,2021-11-30 06:00:00
2934,175.72,176.4196,169.12,169.12,8692,2021-12-01 06:00:00
2935,169.08,172.52,168.59,172.52,6330,2021-12-02 06:00:00
2936,173.0,173.0,167.065,167.86,7477,2021-12-03 06:00:00
2937,167.81,171.9533,167.5,171.23,9666,2021-12-06 06:00:00
2938,173.59,177.1,173.59,175.545,6860,2021-12-07 06:00:00
2939,174.9,176.5,174.46,175.83,6431,2021-12-08 06:00:00
2940,175.13,175.7099,171.3478,171.43,5919,2021-12-09 06:00:00
2941,172.73,172.73,170.17,170.33,4833,2021-12-10 06:00:00
2942,170.19,170.34,167.9144,170.18,5703,2021-12-13 06:00:00
2943,167.91,170.2,167.91,169.19,3049,2021-12-14 06:00:00
2944,167.99,171.76,166.7352,171.76,7613,2021-12-15 06:00:00
2945,173.1158,173.1158,167.0354,167.4,9507,2021-12-16 06:00:00
2946,166.02,172.97,166.02,172.85,6338,2021-12-17 06:00:00
2947,170.96,173.33,169.65,172.81,6041,2021-12-20 06:00:00
2948,174.95,176.5,174.75,176.25,6934,2021-12-21 06:00:00
2949,176.6,179.585,176.6,179.49,8831,2021-12-22 06:00:00
2950,179.63,181.4232,179.25,180.84,6075,2021-12-23 06:00:00
2951,180.55,181.9,179.9856,181.865,7833,2021-12-27 06:00:00
2952,180.84,182.81,180.42,180.9095,4034,2021-12-28 06:00:00
2953,180.03,180.71,179.87,180.3732,6391,2021-12-29 06:00:00
2954,181.987,182.51,181.375,181.375,5459,2021-12-30 06:00:00
2955,180.33,181.5716,179.2901,179.661,3627,2021-12-31 06:00:00
2956,180.06,181.375,178.6235,180.5289,4460,2022-01-03 06:00:00
2957,181.02,181.02,176.7,177.9289,4632,2022-01-04 06:00:00
2958,177.18,178.27,171.74,171.8,22821,2022-01-05 06:00:00
2959,171.52,172.5,168.7039,169.92,11300,2022-01-06 06:00:00
2960,170.27,170.6911,167.29,167.29,5475,2022-01-07 06:00:00
2961,165.6,167.9,163.9641,167.9,7569,2022-01-10 06:00:00
2962,167.87,169.5886,167.0232,169.34,3317,2022-01-11 06:00:00
2963,170.62,170.7295,166.42,166.42,10307,2022-01-12 06:00:00
2964,167.27,167.27,164.3571,164.389,10464,2022-01-13 06:00:00
2965,162.74,165.4131,161.9005,165.41,5627,2022-01-14 06:00:00
2966,163.45,163.45,159.47,159.51,10399,2022-01-18 06:00:00
2967,160.72,160.74,156.84,156.84,14775,2022-01-19 06:00:00
2968,157.25,161.0,155.19,155.3765,17150,2022-01-20 06:00:00
2969,154.13,157.56,153.5,153.72,42373,2022-01-21 06:00:00
2970,151.47,157.15,149.73,157.15,18450,2022-01-24 06:00:00
2971,154.92,155.4508,151.84,154.9619,5242,2022-01-25 06:00:00
2972,155.73,156.9571,151.27,151.27,9058,2022-01-26 06:00:00
2973,152.05,153.56,149.22,149.24,6638,2022-01-27 06:00:00
2974,148.62,152.57,147.63,152.57,23407,2022-01-28 06:00:00
2975,151.56,156.33,151.56,156.33,10735,2022-01-31 06:00:00
2976,156.3577,157.1614,154.8,157.1614,5274,2022-02-01 06:00:00
2977,157.14,157.14,154.2554,155.48,7889,2022-02-02 06:00:00
2978,153.17,154.5657,153.17,153.495,7306,2022-02-03 06:00:00
2979,152.46,154.79,151.44,153.82,8628,2022-02-04 06:00:00
2980,153.89,155.33,153.42,154.281,6321,2022-02-07 06:00:00
2981,153.35,157.7501,153.35,157.74,11393,2022-02-08 06:00:00
2982,158.31,161.29,158.31,161.03,12246,2022-02-09 06:00:00
2983,158.65,163.605,158.65,158.74,10362,2022-02-10 06:00:00
2984,159.23,161.57,158.51,159.285,6805,2022-02-11 06:00:00
2985,159.3,160.17,156.74,157.9,5819,2022-02-14 06:00:00
2986,158.73,160.318,158.135,160.29,16359,2022-02-15 06:00:00
2987,159.31,160.3659,157.8178,160.0,4048,2022-02-16 06:00:00
2988,158.27,158.27,154.3108,154.75,9009,2022-02-17 06:00:00
2989,154.475,155.44,152.251,152.796,3727,2022-02-18 06:00:00
2990,151.53,153.06,150.7726,151.05,6012,2022-02-22 06:00:00
2991,151.84,151.84,149.62,149.75,8960,2022-02-23 06:00:00
2992,146.65,155.97,146.65,155.97,25161,2022-02-24 06:00:00
2993,156.08,159.45,156.08,159.16,8887,2022-02-25 06:00:00
2994,159.54,161.17,158.7655,160.17,3912,2022-02-28 06:00:00
2995,160.1,160.7214,158.81,158.81,3639,2022-03-01 06:00:00
2996,160.0601,161.82,160.0601,161.626,5823,2022-03-02 06:00:00
2997,161.57,161.57,159.9015,160.77,2703,2022-03-03 06:00:00
2998,158.96,159.54,157.89,158.98,5048,2022-03-04 06:00:00
2999,158.5557,158.6726,157.38,157.7176,8350,2022-03-07 06:00:00
3000,157.23,159.14,155.4828,156.7833,4504,2022-03-08 06:00:00
3001,159.1486,160.5723,159.1486,160.41,3343,2022-03-09 06:00:00
3002,156.8,157.9863,156.8,157.9863,2375,2022-03-10 06:00:00
3003,158.91,158.91,154.9,155.0321,3583,2022-03-11 06:00:00
3004,153.97,154.35,150.0186,150.0186,9531,2022-03-14 05:00:00
3005,150.56,152.99,150.56,152.99,3800,2022-03-15 05:00:00
3006,154.68,157.0,154.23,157.0,5232,2022-03-16 05:00:00
3007,158.0,161.24,158.0,160.796,32456,2022-03-17 05:00:00
3008,161.22,163.3377,159.77,162.17,4634,2022-03-18 05:00:00
3009,162.0,162.6313,159.5,159.84,4185,2022-03-21 05:00:00
3010,161.27,161.27,160.84,161.18,2120,2022-03-22 05:00:00
3011,159.7703,160.39,158.4254,158.4254,3887,2022-03-23 05:00:00
3012,158.2266,159.22,157.6901,159.22,2802,2022-03-24 05:00:00
3013,160.25,160.25,158.291,159.244,4743,2022-03-25 05:00:00
3014,158.66,160.284,158.0,160.284,6158,2022-03-28 05:00:00
3015,160.54,163.9677,160.54,163.72,5251,2022-03-29 05:00:00
3016,163.0,164.21,161.8758,162.147,3544,2022-03-30 05:00:00
3017,162.54,163.02,160.96,160.96,3289,2022-03-31 05:00:00
3018,162.15,165.01,162.15,165.01,6539,2022-04-01 05:00:00
3019,165.37,165.37,163.32,163.455,3549,2022-04-04 05:00:00
3020,162.91,163.0,160.43,160.43,3010,2022-04-05 05:00:00
3021,158.42,160.87,158.42,160.87,32262,2022-04-06 05:00:00
3022,159.78,163.51,159.78,162.81,7793,2022-04-07 05:00:00
3023,163.27,163.27,161.42,161.78,2741,2022-04-08 05:00:00
3024,160.6,160.6,158.41,159.59,5428,2022-04-11 05:00:00
3025,159.81,160.88,159.23,159.45,6426,2022-04-12 05:00:00
3026,159.35,162.46,159.35,161.95,24347,2022-04-13 05:00:00
3027,161.59,161.59,159.93,159.93,2405,2022-04-14 05:00:00
3028,159.35,159.35,156.32,156.53,6044,2022-04-18 05:00:00
3029,156.69,160.92,156.69,160.66,6473,2022-04-19 05:00:00
3030,160.93,162.28,160.78,161.21,6610,2022-04-20 05:00:00
3031,160.73,160.73,157.7,157.7,2809,2022-04-21 05:00:00
3032,154.54,154.54,151.64,151.79,2994,2022-04-22 05:00:00
3033,151.46,153.25,151.175,153.25,6066,2022-04-25 05:00:00
3034,151.98,151.98,148.21,148.21,6350,2022-04-26 05:00:00
3035,147.5,148.1,146.28,146.28,4981,2022-04-27 05:00:00
3036,147.54,147.54,141.78,146.08,6342,2022-04-28 05:00:00
3037,146.0,147.2197,143.36,143.36,3727,2022-04-29 05:00:00
3038,142.81,145.41,142.23,144.74,13792,2022-05-02 05:00:00
3039,144.4,146.05,144.16,145.29,7352,2022-05-03 05:00:00
3040,143.79,148.41,143.23,148.11,5190,2022-05-04 05:00:00
3041,146.71,146.71,139.69,140.96,5741,2022-05-05 05:00:00
3042,140.03,140.03,136.6622,137.88,10591,2022-05-06 05:00:00
3043,136.15,136.15,130.6576,130.84,27777,2022-05-09 05:00:00
3044,133.18,134.2598,130.4918,132.63,13487,2022-05-10 05:00:00
3045,131.47,133.99,128.13,128.18,12338,2022-05-11 05:00:00
3046,126.81,131.75,126.81,131.22,19696,2022-05-12 05:00:00
3047,132.26,136.2,132.26,135.87,6388,2022-05-13 05:00:00
3048,135.6346,137.28,135.0,136.1,3790,2022-05-16 05:00:00
3049,137.8,139.67,137.7,139.55,7025,2022-05-17 05:00:00
3050,137.6011,137.6011,134.02,134.26,7120,2022-05-18 05:00:00
3051,133.27,136.9063,133.27,135.55,6742,2022-05-19 05:00:00
3052,137.43,137.43,133.75,136.77,4881,2022-05-20 05:00:00
3053,137.5,137.63,135.91,136.78,6185,2022-05-23 05:00:00
3054,134.37,134.37,132.728,133.88,6494,2022-05-24 05:00:00
3055,133.31,136.16,133.31,135.54,5846,2022-05-25 05:00:00
3056,135.95,137.8223,135.53,137.13,4905,2022-05-26 05:00:00
3057,139.5,141.48,139.5,141.48,3890,2022-05-27 05:00:00
3058,140.64,140.64,137.8897,138.92,9068,2022-05-31 05:00:00
3059,139.94,139.94,135.49,137.46,10935,2022-06-01 05:00:00
3060,137.26,140.7739,136.66,140.45,9590,2022-06-02 05:00:00
3061,139.06,140.02,138.87,139.74,3827,2022-06-03 05:00:00
3062,140.72,140.72,138.48,138.48,4019,2022-06-06 05:00:00
3063,137.11,141.54,137.11,141.42,6930,2022-06-07 05:00:00
3064,140.95,141.1118,138.8597,139.17,4969,2022-06-08 05:00:00
3065,137.4101,138.11,135.74,135.89,8040,2022-06-09 05:00:00
3066,133.27,134.665,133.19,133.9,8110,2022-06-10 05:00:00
