,open,high,low,close,volume,datetime
0,2.97,2.97,2.8225,2.9172,7212,2022-05-27 13:30:00
1,2.98,3.0599,2.94,2.94,11852,2022-05-27 13:31:00
2,3.0381,3.0526,2.97,2.97,6300,2022-05-27 13:32:00
3,2.92,2.98,2.9101,2.98,900,2022-05-27 13:35:00
4,2.93,2.93,2.93,2.93,100,2022-05-27 13:37:00
5,2.93,2.93,2.93,2.93,100,2022-05-27 13:38:00
6,2.935,2.935,2.935,2.935,650,2022-05-27 13:40:00
7,2.92,2.94,2.91,2.91,625,2022-05-27 13:41:00
8,2.9349,2.9349,2.9349,2.9349,250,2022-05-27 13:42:00
9,2.9,2.9,2.86,2.86,637,2022-05-27 13:44:00
10,2.85,2.85,2.85,2.85,100,2022-05-27 13:45:00
11,2.878,2.878,2.878,2.878,100,2022-05-27 13:46:00
12,2.86,2.86,2.82,2.82,5300,2022-05-27 13:47:00
13,2.82,2.85,2.82,2.85,1500,2022-05-27 13:48:00
14,2.85,2.85,2.82,2.82,1000,2022-05-27 13:49:00
15,2.8419,2.8419,2.76,2.77,12426,2022-05-27 13:50:00
16,2.77,2.79,2.75,2.79,1703,2022-05-27 13:51:00
17,2.87,2.87,2.815,2.815,3278,2022-05-27 13:52:00
18,2.8662,2.8662,2.8662,2.8662,1000,2022-05-27 13:53:00
19,2.84,2.84,2.84,2.84,200,2022-05-27 13:54:00
20,2.846,2.846,2.846,2.846,400,2022-05-27 13:55:00
21,2.83,2.835,2.82,2.82,800,2022-05-27 13:56:00
22,2.83,2.84,2.83,2.835,3241,2022-05-27 13:57:00
23,2.83,2.83,2.83,2.83,302,2022-05-27 13:58:00
24,2.83,2.83,2.81,2.82,3552,2022-05-27 13:59:00
25,2.825,2.825,2.825,2.825,330,2022-05-27 14:00:00
26,2.8305,2.8305,2.8305,2.8305,1000,2022-05-27 14:03:00
27,2.81,2.81,2.78,2.78,13616,2022-05-27 14:04:00
28,2.8,2.8,2.78,2.7938,650,2022-05-27 14:05:00
29,2.78,2.78,2.78,2.78,100,2022-05-27 14:06:00
30,2.79,2.9,2.79,2.86,63011,2022-05-27 14:07:00
31,2.84,2.9,2.825,2.8609,13567,2022-05-27 14:08:00
32,2.88,2.9,2.86,2.9,6600,2022-05-27 14:09:00
33,2.9101,2.93,2.89,2.92,17013,2022-05-27 14:10:00
34,2.93,2.93,2.9039,2.9039,6850,2022-05-27 14:11:00
35,2.92,2.92,2.9,2.915,5500,2022-05-27 14:12:00
36,2.915,2.915,2.8772,2.88,3940,2022-05-27 14:13:00
37,2.88,2.88,2.88,2.88,2484,2022-05-27 14:14:00
38,2.89,2.89,2.86,2.86,1700,2022-05-27 14:15:00
39,2.86,2.8899,2.86,2.8899,600,2022-05-27 14:16:00
40,2.87,2.87,2.85,2.865,999,2022-05-27 14:17:00
41,2.865,2.865,2.8503,2.8503,1500,2022-05-27 14:18:00
42,2.85,2.85,2.82,2.82,1800,2022-05-27 14:19:00
43,2.8468,2.8468,2.8468,2.8468,500,2022-05-27 14:20:00
44,2.85,2.85,2.83,2.85,24025,2022-05-27 14:21:00
45,2.85,2.85,2.85,2.85,8166,2022-05-27 14:22:00
46,2.85,2.86,2.85,2.85,3402,2022-05-27 14:23:00
47,2.8402,2.8402,2.8402,2.8402,3000,2022-05-27 14:24:00
48,2.85,2.85,2.85,2.85,1000,2022-05-27 14:25:00
49,2.85,2.855,2.85,2.855,4200,2022-05-27 14:26:00
50,2.85,2.85,2.85,2.85,833,2022-05-27 14:27:00
51,2.83,2.83,2.83,2.83,100,2022-05-27 14:28:00
52,2.84,2.84,2.83,2.83,500,2022-05-27 14:29:00
53,2.8399,2.87,2.8399,2.87,15482,2022-05-27 14:30:00
54,2.8713,2.8726,2.83,2.83,19806,2022-05-27 14:31:00
55,2.85,2.85,2.83,2.83,7256,2022-05-27 14:32:00
56,2.855,2.855,2.855,2.855,100,2022-05-27 14:34:00
57,2.855,2.855,2.855,2.855,350,2022-05-27 14:35:00
58,2.86,2.88,2.86,2.88,5921,2022-05-27 14:37:00
59,2.875,2.8838,2.875,2.8838,3000,2022-05-27 14:38:00
60,2.875,2.88,2.875,2.88,700,2022-05-27 14:39:00
61,2.875,2.88,2.875,2.88,2232,2022-05-27 14:40:00
62,2.87,2.8999,2.86,2.8999,800,2022-05-27 14:41:00
63,2.875,2.875,2.875,2.875,1000,2022-05-27 14:42:00
64,2.875,2.875,2.84,2.84,3230,2022-05-27 14:43:00
65,2.8482,2.8482,2.81,2.81,2901,2022-05-27 14:44:00
66,2.81,2.81,2.77,2.79,7600,2022-05-27 14:45:00
67,2.8,2.8,2.8,2.8,400,2022-05-27 14:46:00
68,2.7908,2.7908,2.79,2.79,1700,2022-05-27 14:49:00
69,2.78,2.78,2.78,2.78,100,2022-05-27 14:50:00
70,2.795,2.795,2.795,2.795,100,2022-05-27 14:51:00
71,2.8099,2.8099,2.795,2.795,2200,2022-05-27 14:52:00
72,2.795,2.795,2.78,2.79,3531,2022-05-27 14:53:00
73,2.79,2.79,2.79,2.79,500,2022-05-27 14:55:00
74,2.78,2.78,2.78,2.78,100,2022-05-27 14:57:00
75,2.77,2.77,2.75,2.75,800,2022-05-27 14:59:00
76,2.72,2.745,2.72,2.74,7339,2022-05-27 15:00:00
77,2.72,2.72,2.72,2.72,995,2022-05-27 15:01:00
78,2.72,2.735,2.72,2.735,6000,2022-05-27 15:02:00
79,2.71,2.725,2.708,2.72,1101,2022-05-27 15:03:00
80,2.72,2.725,2.7,2.7,5070,2022-05-27 15:04:00
81,2.6901,2.705,2.69,2.695,31840,2022-05-27 15:05:00
82,2.705,2.705,2.7,2.7,365,2022-05-27 15:06:00
83,2.72,2.7776,2.72,2.7776,6578,2022-05-27 15:09:00
84,2.78,2.81,2.78,2.81,16370,2022-05-27 15:10:00
85,2.82,2.8217,2.82,2.8217,1000,2022-05-27 15:13:00
86,2.82,2.82,2.82,2.82,100,2022-05-27 15:14:00
87,2.82,2.82,2.78,2.7901,10000,2022-05-27 15:15:00
88,2.785,2.8,2.785,2.8,700,2022-05-27 15:16:00
89,2.83,2.83,2.83,2.83,100,2022-05-27 15:22:00
90,2.8301,2.8301,2.8301,2.8301,200,2022-05-27 15:23:00
91,2.83,2.84,2.825,2.825,800,2022-05-27 15:24:00
92,2.83,2.83,2.8201,2.8201,233,2022-05-27 15:25:00
93,2.83,2.83,2.83,2.83,100,2022-05-27 15:33:00
94,2.82,2.8201,2.82,2.8201,200,2022-05-27 15:37:00
95,2.84,2.84,2.84,2.84,600,2022-05-27 15:39:00
96,2.8379,2.8379,2.8379,2.8379,100,2022-05-27 15:40:00
97,2.82,2.82,2.8123,2.8123,1800,2022-05-27 15:41:00
98,2.815,2.82,2.815,2.815,11541,2022-05-27 15:42:00
99,2.815,2.8175,2.815,2.815,544,2022-05-27 15:43:00
100,2.82,2.83,2.82,2.82,897,2022-05-27 15:44:00
101,2.8499,2.8499,2.8499,2.8499,200,2022-05-27 15:45:00
102,2.83,2.83,2.83,2.83,100,2022-05-27 15:47:00
103,2.85,2.85,2.85,2.85,1409,2022-05-27 15:50:00
104,2.85,2.86,2.85,2.855,500,2022-05-27 15:51:00
105,2.85,2.85,2.84,2.84,600,2022-05-27 15:52:00
106,2.85,2.85,2.85,2.85,1292,2022-05-27 15:59:00
107,2.85,2.85,2.85,2.85,300,2022-05-27 16:00:00
108,2.84,2.8401,2.84,2.8401,200,2022-05-27 16:04:00
109,2.84,2.84,2.84,2.84,400,2022-05-27 16:05:00
110,2.83,2.855,2.83,2.855,3489,2022-05-27 16:06:00
111,2.855,2.855,2.855,2.855,1318,2022-05-27 16:07:00
112,2.85,2.85,2.85,2.85,200,2022-05-27 16:14:00
113,2.855,2.855,2.85,2.85,200,2022-05-27 16:15:00
114,2.85,2.85,2.84,2.8491,8262,2022-05-27 16:16:00
115,2.85,2.85,2.845,2.845,1371,2022-05-27 16:20:00
116,2.845,2.845,2.845,2.845,100,2022-05-27 16:21:00
117,2.8435,2.8435,2.8435,2.8435,100,2022-05-27 16:23:00
118,2.8418,2.8418,2.8418,2.8418,108,2022-05-27 16:24:00
119,2.84,2.84,2.82,2.82,6052,2022-05-27 16:25:00
120,2.83,2.83,2.8213,2.8213,515,2022-05-27 16:26:00
121,2.82,2.82,2.82,2.82,100,2022-05-27 16:27:00
122,2.83,2.83,2.8273,2.8273,400,2022-05-27 16:29:00
123,2.8201,2.8201,2.8201,2.8201,300,2022-05-27 16:30:00
124,2.825,2.83,2.825,2.83,600,2022-05-27 16:32:00
125,2.83,2.83,2.83,2.83,300,2022-05-27 16:36:00
126,2.82,2.82,2.82,2.82,100,2022-05-27 16:38:00
127,2.83,2.83,2.83,2.83,334,2022-05-27 16:39:00
128,2.82,2.8201,2.82,2.8201,300,2022-05-27 16:41:00
129,2.82,2.82,2.82,2.82,200,2022-05-27 16:42:00
130,2.82,2.82,2.8101,2.8101,6100,2022-05-27 16:43:00
131,2.82,2.82,2.82,2.82,100,2022-05-27 16:45:00
132,2.8196,2.8196,2.8101,2.8101,1300,2022-05-27 16:49:00
133,2.815,2.815,2.815,2.815,100,2022-05-27 16:50:00
134,2.815,2.84,2.8101,2.83,5496,2022-05-27 16:51:00
135,2.83,2.83,2.83,2.83,843,2022-05-27 16:53:00
136,2.835,2.84,2.835,2.84,515,2022-05-27 16:54:00
137,2.844,2.844,2.844,2.844,200,2022-05-27 16:58:00
138,2.8388,2.8388,2.8388,2.8388,400,2022-05-27 16:59:00
139,2.84,2.84,2.84,2.84,2000,2022-05-27 17:02:00
140,2.83,2.84,2.83,2.83,500,2022-05-27 17:05:00
141,2.84,2.84,2.82,2.82,400,2022-05-27 17:07:00
142,2.83,2.83,2.83,2.83,300,2022-05-27 17:11:00
143,2.83,2.83,2.825,2.825,500,2022-05-27 17:12:00
144,2.835,2.835,2.835,2.835,200,2022-05-27 17:14:00
145,2.8393,2.8393,2.8393,2.8393,1000,2022-05-27 17:15:00
146,2.83,2.83,2.83,2.83,300,2022-05-27 17:16:00
147,2.825,2.825,2.825,2.825,100,2022-05-27 17:21:00
148,2.82,2.82,2.82,2.82,100,2022-05-27 17:22:00
149,2.83,2.83,2.82,2.82,537,2022-05-27 17:23:00
150,2.83,2.835,2.83,2.83,567,2022-05-27 17:26:00
151,2.84,2.86,2.84,2.86,2292,2022-05-27 17:28:00
152,2.86,2.86,2.855,2.855,700,2022-05-27 17:30:00
153,2.86,2.86,2.86,2.86,100,2022-05-27 17:31:00
154,2.86,2.86,2.86,2.86,300,2022-05-27 17:32:00
155,2.85,2.855,2.85,2.855,800,2022-05-27 17:34:00
156,2.8517,2.8517,2.8517,2.8517,1120,2022-05-27 17:37:00
157,2.85,2.85,2.84,2.84,680,2022-05-27 17:38:00
158,2.85,2.85,2.845,2.85,1900,2022-05-27 17:41:00
159,2.86,2.86,2.855,2.855,2104,2022-05-27 17:49:00
160,2.8501,2.855,2.8501,2.855,2237,2022-05-27 17:50:00
161,2.8501,2.8501,2.84,2.84,3200,2022-05-27 17:55:00
162,2.84,2.84,2.84,2.84,300,2022-05-27 17:56:00
163,2.8409,2.845,2.8409,2.845,1654,2022-05-27 17:57:00
164,2.845,2.845,2.845,2.845,500,2022-05-27 17:58:00
165,2.85,2.865,2.845,2.865,40304,2022-05-27 17:59:00
166,2.865,2.87,2.86,2.87,1553,2022-05-27 18:00:00
167,2.8782,2.9359,2.8782,2.925,3734,2022-05-27 18:01:00
168,2.91,2.91,2.9,2.9,11961,2022-05-27 18:03:00
169,2.9,2.9,2.9,2.9,200,2022-05-27 18:04:00
170,2.915,2.915,2.915,2.915,400,2022-05-27 18:05:00
171,2.915,2.915,2.9057,2.9057,1900,2022-05-27 18:06:00
172,2.92,2.9569,2.91,2.9569,7967,2022-05-27 18:07:00
173,2.93,2.93,2.93,2.93,200,2022-05-27 18:12:00
174,2.94,2.94,2.94,2.94,500,2022-05-27 18:13:00
175,2.93,3.01,2.93,2.95,10260,2022-05-27 18:17:00
176,2.967,2.967,2.967,2.967,225,2022-05-27 18:20:00
177,2.97,2.98,2.96,2.97,1000,2022-05-27 18:25:00
178,2.9783,2.9783,2.9783,2.9783,3600,2022-05-27 18:27:00
179,2.9671,2.97,2.9671,2.97,800,2022-05-27 18:28:00
180,2.96,2.97,2.96,2.97,325,2022-05-27 18:29:00
181,2.9799,2.9799,2.9799,2.9799,2500,2022-05-27 18:30:00
182,2.97,2.97,2.96,2.96,1500,2022-05-27 18:33:00
183,2.97,2.97,2.9601,2.97,5226,2022-05-27 18:36:00
184,2.96,2.96,2.96,2.96,100,2022-05-27 18:37:00
185,2.965,2.965,2.965,2.965,200,2022-05-27 18:38:00
186,2.965,2.97,2.965,2.965,1400,2022-05-27 18:40:00
187,2.9619,2.9619,2.96,2.96,600,2022-05-27 18:41:00
188,2.965,2.965,2.94,2.94,500,2022-05-27 18:45:00
189,2.945,2.947,2.945,2.947,10100,2022-05-27 18:47:00
190,2.95,2.95,2.9401,2.9401,1497,2022-05-27 18:48:00
191,2.945,2.945,2.94,2.94,10400,2022-05-27 18:49:00
192,2.94,2.9401,2.94,2.9401,300,2022-05-27 18:50:00
193,2.9401,2.95,2.9401,2.9401,1500,2022-05-27 18:51:00
194,2.9401,2.9401,2.9401,2.9401,200,2022-05-27 18:52:00
195,2.9401,2.9401,2.9101,2.9101,952,2022-05-27 18:53:00
196,2.9101,2.92,2.9101,2.9101,2674,2022-05-27 18:54:00
197,2.91,2.91,2.91,2.91,800,2022-05-27 18:55:00
198,2.92,2.92,2.91,2.91,1380,2022-05-27 18:56:00
199,2.91,2.91,2.91,2.91,100,2022-05-27 18:58:00
200,2.92,2.92,2.9101,2.9101,2326,2022-05-27 19:00:00
201,2.92,2.92,2.8801,2.8801,3497,2022-05-27 19:02:00
202,2.885,2.9,2.885,2.8961,4264,2022-05-27 19:03:00
203,2.9,2.905,2.9,2.905,791,2022-05-27 19:04:00
204,2.905,2.91,2.905,2.905,1798,2022-05-27 19:05:00
205,2.905,2.905,2.905,2.905,408,2022-05-27 19:06:00
206,2.9,2.9,2.9,2.9,1200,2022-05-27 19:07:00
207,2.905,2.905,2.9,2.9,600,2022-05-27 19:08:00
208,2.9,2.905,2.9,2.905,1020,2022-05-27 19:12:00
209,2.91,2.91,2.905,2.905,1186,2022-05-27 19:13:00
210,2.905,2.905,2.9001,2.9001,200,2022-05-27 19:14:00
211,2.9,2.905,2.9,2.9001,3300,2022-05-27 19:15:00
212,2.9001,2.9001,2.9001,2.9001,400,2022-05-27 19:16:00
213,2.905,2.905,2.905,2.905,100,2022-05-27 19:18:00
214,2.905,2.905,2.905,2.905,100,2022-05-27 19:19:00
215,2.9,2.9,2.9,2.9,200,2022-05-27 19:23:00
216,2.905,2.905,2.9,2.9,700,2022-05-27 19:25:00
217,2.91,2.91,2.905,2.905,300,2022-05-27 19:26:00
218,2.905,2.905,2.9,2.9,300,2022-05-27 19:27:00
219,2.905,2.905,2.905,2.905,100,2022-05-27 19:28:00
220,2.9,2.9,2.9,2.9,200,2022-05-27 19:30:00
221,2.9001,2.9001,2.9001,2.9001,100,2022-05-27 19:31:00
222,2.905,2.905,2.905,2.905,300,2022-05-27 19:32:00
223,2.9096,2.9096,2.9094,2.9094,400,2022-05-27 19:33:00
224,2.9,2.9,2.9,2.9,100,2022-05-27 19:34:00
225,2.91,2.91,2.9,2.9,1700,2022-05-27 19:37:00
226,2.905,2.905,2.9001,2.9001,200,2022-05-27 19:38:00
227,2.905,2.905,2.9001,2.905,5971,2022-05-27 19:39:00
228,2.905,2.91,2.905,2.905,1332,2022-05-27 19:40:00
229,2.9001,2.9001,2.9001,2.9001,300,2022-05-27 19:41:00
230,2.9,2.905,2.9,2.905,2020,2022-05-27 19:42:00
231,2.905,2.905,2.905,2.905,1600,2022-05-27 19:43:00
232,2.905,2.905,2.9001,2.905,6021,2022-05-27 19:44:00
233,2.91,2.91,2.905,2.905,400,2022-05-27 19:46:00
234,2.905,2.91,2.905,2.905,592,2022-05-27 19:47:00
235,2.909,2.909,2.905,2.905,807,2022-05-27 19:49:00
236,2.9,2.905,2.9,2.905,400,2022-05-27 19:50:00
237,2.905,2.905,2.905,2.905,639,2022-05-27 19:51:00
238,2.9,2.9061,2.9,2.905,4000,2022-05-27 19:52:00
239,2.9085,2.9085,2.9001,2.905,2700,2022-05-27 19:53:00
240,2.905,2.905,2.9001,2.9001,1300,2022-05-27 19:54:00
241,2.91,2.91,2.91,2.91,100,2022-05-27 19:55:00
242,2.905,2.905,2.9,2.905,900,2022-05-27 19:56:00
243,2.905,2.905,2.905,2.905,200,2022-05-27 19:57:00
244,2.905,2.905,2.9,2.905,2421,2022-05-27 19:58:00
245,2.905,2.91,2.88,2.9,23242,2022-05-27 19:59:00
246,2.91,2.91,2.91,2.91,3838,2022-05-27 20:00:00
247,2.91,2.91,2.91,2.91,2070,2022-05-31 13:30:00
248,2.9187,2.9187,2.9187,2.9187,345,2022-05-31 13:32:00
249,2.9148,2.9148,2.9148,2.9148,5000,2022-05-31 13:34:00
250,2.91,2.91,2.83,2.855,5798,2022-05-31 13:35:00
251,2.8551,2.86,2.82,2.82,6400,2022-05-31 13:36:00
252,2.8224,2.85,2.82,2.83,1099,2022-05-31 13:37:00
253,2.82,2.82,2.76,2.82,2362,2022-05-31 13:38:00
254,2.82,2.87,2.81,2.85,3075,2022-05-31 13:39:00
255,2.82,2.86,2.82,2.86,400,2022-05-31 13:40:00
256,2.87,2.87,2.82,2.82,700,2022-05-31 13:41:00
257,2.82,2.82,2.82,2.82,100,2022-05-31 13:42:00
258,2.81,2.82,2.81,2.82,492,2022-05-31 13:51:00
259,2.82,2.82,2.82,2.82,300,2022-05-31 13:52:00
260,2.8,2.8,2.79,2.8,1000,2022-05-31 13:53:00
261,2.8179,2.8179,2.8179,2.8179,100,2022-05-31 14:01:00
262,2.7903,2.82,2.7903,2.82,2200,2022-05-31 14:03:00
263,2.79,2.79,2.79,2.79,100,2022-05-31 14:10:00
264,2.82,2.82,2.82,2.82,300,2022-05-31 14:15:00
265,2.83,2.83,2.83,2.83,300,2022-05-31 14:16:00
266,2.83,2.83,2.827,2.827,362,2022-05-31 14:17:00
267,2.83,2.83,2.83,2.83,300,2022-05-31 14:18:00
268,2.83,2.86,2.83,2.85,5000,2022-05-31 14:19:00
269,2.845,2.845,2.845,2.845,204,2022-05-31 14:20:00
270,2.845,2.845,2.845,2.845,100,2022-05-31 14:21:00
271,2.845,2.845,2.845,2.845,100,2022-05-31 14:22:00
272,2.835,2.84,2.835,2.84,500,2022-05-31 14:25:00
273,2.84,2.86,2.84,2.86,570,2022-05-31 14:26:00
274,2.85,2.85,2.85,2.85,100,2022-05-31 14:27:00
275,2.845,2.845,2.845,2.845,300,2022-05-31 14:28:00
276,2.845,2.845,2.82,2.82,1000,2022-05-31 14:29:00
277,2.825,2.825,2.81,2.81,850,2022-05-31 14:30:00
278,2.81,2.81,2.81,2.81,300,2022-05-31 14:31:00
279,2.81,2.81,2.81,2.81,1444,2022-05-31 14:32:00
280,2.8001,2.8001,2.8001,2.8001,115,2022-05-31 14:36:00
281,2.81,2.81,2.81,2.81,700,2022-05-31 14:39:00
282,2.81,2.81,2.81,2.81,200,2022-05-31 14:42:00
283,2.81,2.81,2.81,2.81,100,2022-05-31 14:44:00
284,2.81,2.81,2.81,2.81,830,2022-05-31 14:45:00
285,2.81,2.81,2.81,2.81,400,2022-05-31 14:47:00
286,2.81,2.81,2.81,2.81,100,2022-05-31 14:49:00
287,2.81,2.81,2.81,2.81,133,2022-05-31 14:50:00
288,2.81,2.81,2.81,2.81,100,2022-05-31 14:51:00
289,2.81,2.81,2.81,2.81,100,2022-05-31 14:53:00
290,2.81,2.81,2.81,2.81,731,2022-05-31 14:54:00
291,2.81,2.81,2.81,2.81,100,2022-05-31 14:55:00
292,2.81,2.81,2.81,2.81,240,2022-05-31 14:57:00
293,2.81,2.81,2.81,2.81,800,2022-05-31 14:58:00
294,2.82,2.82,2.82,2.82,2500,2022-05-31 14:59:00
295,2.81,2.815,2.81,2.815,336,2022-05-31 15:00:00
296,2.815,2.815,2.815,2.815,100,2022-05-31 15:01:00
297,2.815,2.815,2.815,2.815,167,2022-05-31 15:03:00
298,2.815,2.815,2.815,2.815,134,2022-05-31 15:04:00
299,2.815,2.815,2.815,2.815,121,2022-05-31 15:06:00
300,2.81,2.81,2.81,2.81,100,2022-05-31 15:08:00
301,2.81,2.81,2.81,2.81,100,2022-05-31 15:09:00
302,2.815,2.815,2.8,2.8,1459,2022-05-31 15:15:00
303,2.8,2.805,2.8,2.805,1100,2022-05-31 15:26:00
304,2.8,2.8,2.8,2.8,100,2022-05-31 15:28:00
305,2.8089,2.8089,2.8089,2.8089,100,2022-05-31 15:30:00
306,2.8099,2.8099,2.8099,2.8099,100,2022-05-31 15:33:00
307,2.805,2.805,2.8,2.805,2311,2022-05-31 15:34:00
308,2.805,2.805,2.805,2.805,200,2022-05-31 15:36:00
309,2.8054,2.8054,2.805,2.805,2248,2022-05-31 15:37:00
310,2.805,2.81,2.805,2.81,2353,2022-05-31 15:38:00
311,2.805,2.805,2.805,2.805,200,2022-05-31 15:39:00
312,2.805,2.805,2.805,2.805,100,2022-05-31 15:40:00
313,2.805,2.805,2.805,2.805,100,2022-05-31 15:41:00
314,2.805,2.8081,2.805,2.805,6487,2022-05-31 15:42:00
315,2.805,2.805,2.805,2.805,900,2022-05-31 15:43:00
316,2.8,2.8,2.8,2.8,100,2022-05-31 15:44:00
317,2.805,2.805,2.805,2.805,134,2022-05-31 15:45:00
318,2.805,2.805,2.805,2.805,300,2022-05-31 15:46:00
319,2.8099,2.8099,2.805,2.805,1700,2022-05-31 15:48:00
320,2.805,2.8089,2.805,2.805,1100,2022-05-31 15:49:00
321,2.805,2.805,2.805,2.805,1100,2022-05-31 15:50:00
322,2.805,2.8094,2.805,2.805,966,2022-05-31 15:51:00
323,2.805,2.81,2.805,2.805,1400,2022-05-31 15:52:00
324,2.805,2.805,2.805,2.805,2201,2022-05-31 15:53:00
325,2.8,2.805,2.8,2.805,2844,2022-05-31 15:54:00
326,2.805,2.805,2.805,2.805,100,2022-05-31 15:55:00
327,2.805,2.81,2.805,2.805,12467,2022-05-31 15:56:00
328,2.805,2.805,2.8046,2.805,3000,2022-05-31 15:57:00
329,2.805,2.805,2.805,2.805,100,2022-05-31 15:59:00
330,2.81,2.82,2.805,2.82,1532,2022-05-31 16:01:00
331,2.85,2.869,2.83,2.855,1302,2022-05-31 16:03:00
332,2.855,2.855,2.855,2.855,400,2022-05-31 16:05:00
333,2.85,2.85,2.85,2.85,100,2022-05-31 16:10:00
334,2.8582,2.8582,2.8582,2.8582,150,2022-05-31 16:11:00
335,2.855,2.855,2.855,2.855,294,2022-05-31 16:13:00
336,2.8599,2.8599,2.85,2.85,1198,2022-05-31 16:14:00
337,2.8492,2.8492,2.8492,2.8492,750,2022-05-31 16:17:00
338,2.8411,2.8411,2.84,2.84,900,2022-05-31 16:20:00
339,2.8393,2.84,2.8373,2.84,2000,2022-05-31 16:26:00
340,2.84,2.84,2.8301,2.8301,1100,2022-05-31 16:31:00
341,2.84,2.84,2.84,2.84,2200,2022-05-31 16:37:00
342,2.84,2.855,2.84,2.855,2194,2022-05-31 16:38:00
343,2.85,2.85,2.85,2.85,200,2022-05-31 16:39:00
344,2.86,2.86,2.86,2.86,100,2022-05-31 16:40:00
345,2.855,2.855,2.855,2.855,800,2022-05-31 16:41:00
346,2.8599,2.8599,2.8599,2.8599,100,2022-05-31 16:45:00
347,2.855,2.855,2.855,2.855,1000,2022-05-31 16:47:00
348,2.855,2.855,2.855,2.855,100,2022-05-31 16:48:00
349,2.855,2.855,2.855,2.855,500,2022-05-31 16:49:00
350,2.855,2.855,2.855,2.855,3000,2022-05-31 16:52:00
351,2.855,2.855,2.855,2.855,2100,2022-05-31 16:55:00
352,2.855,2.855,2.855,2.855,600,2022-05-31 16:56:00
353,2.855,2.855,2.855,2.855,500,2022-05-31 17:00:00
354,2.8599,2.8599,2.855,2.855,800,2022-05-31 17:01:00
355,2.855,2.855,2.855,2.855,400,2022-05-31 17:02:00
356,2.85,2.85,2.825,2.825,1082,2022-05-31 17:03:00
357,2.82,2.82,2.82,2.82,100,2022-05-31 17:09:00
358,2.8215,2.8215,2.8215,2.8215,299,2022-05-31 17:16:00
359,2.8299,2.8299,2.8299,2.8299,100,2022-05-31 17:19:00
360,2.825,2.825,2.825,2.825,100,2022-05-31 17:23:00
361,2.83,2.83,2.83,2.83,1000,2022-05-31 17:29:00
362,2.825,2.825,2.825,2.825,499,2022-05-31 17:30:00
363,2.82,2.82,2.82,2.82,100,2022-05-31 17:32:00
364,2.825,2.825,2.825,2.825,230,2022-05-31 17:35:00
365,2.8291,2.8291,2.8291,2.8291,883,2022-05-31 17:36:00
366,2.83,2.83,2.83,2.83,250,2022-05-31 17:37:00
367,2.825,2.825,2.825,2.825,300,2022-05-31 17:40:00
368,2.8291,2.8291,2.8291,2.8291,600,2022-05-31 17:44:00
369,2.8287,2.8287,2.825,2.825,600,2022-05-31 17:46:00
370,2.825,2.825,2.825,2.825,224,2022-05-31 17:47:00
371,2.83,2.83,2.83,2.83,1810,2022-05-31 17:53:00
372,2.8292,2.8292,2.82,2.82,1208,2022-05-31 17:54:00
373,2.825,2.825,2.825,2.825,100,2022-05-31 17:58:00
374,2.83,2.83,2.825,2.825,900,2022-05-31 17:59:00
375,2.825,2.825,2.82,2.82,300,2022-05-31 18:03:00
376,2.825,2.825,2.825,2.825,500,2022-05-31 18:12:00
377,2.83,2.83,2.83,2.83,142,2022-05-31 18:16:00
378,2.83,2.85,2.83,2.85,10027,2022-05-31 18:17:00
379,2.845,2.845,2.845,2.845,100,2022-05-31 18:18:00
380,2.84,2.845,2.84,2.845,300,2022-05-31 18:22:00
381,2.84,2.84,2.84,2.84,200,2022-05-31 18:23:00
382,2.84,2.85,2.84,2.85,200,2022-05-31 18:24:00
383,2.833,2.833,2.8303,2.8303,1200,2022-05-31 18:25:00
384,2.83,2.83,2.8,2.8,5869,2022-05-31 18:26:00
385,2.815,2.82,2.815,2.82,1500,2022-05-31 18:27:00
386,2.8247,2.83,2.8247,2.83,800,2022-05-31 18:28:00
387,2.825,2.825,2.825,2.825,2000,2022-05-31 18:29:00
388,2.83,2.83,2.83,2.83,800,2022-05-31 18:31:00
389,2.83,2.83,2.83,2.83,100,2022-05-31 18:32:00
390,2.83,2.83,2.83,2.83,200,2022-05-31 18:33:00
391,2.83,2.83,2.83,2.83,100,2022-05-31 18:36:00
392,2.83,2.83,2.83,2.83,100,2022-05-31 18:37:00
393,2.83,2.83,2.83,2.83,400,2022-05-31 18:38:00
394,2.83,2.83,2.83,2.83,750,2022-05-31 18:39:00
395,2.82,2.82,2.815,2.82,1370,2022-05-31 18:45:00
396,2.8156,2.8156,2.8156,2.8156,500,2022-05-31 18:47:00
397,2.815,2.82,2.815,2.82,610,2022-05-31 18:51:00
398,2.815,2.815,2.815,2.815,100,2022-05-31 18:58:00
399,2.815,2.815,2.815,2.815,100,2022-05-31 19:01:00
400,2.815,2.815,2.815,2.815,100,2022-05-31 19:03:00
401,2.815,2.815,2.815,2.815,100,2022-05-31 19:06:00
402,2.82,2.82,2.82,2.82,1200,2022-05-31 19:07:00
403,2.825,2.825,2.82,2.82,200,2022-05-31 19:08:00
404,2.82,2.82,2.82,2.82,100,2022-05-31 19:09:00
405,2.83,2.83,2.825,2.825,200,2022-05-31 19:12:00
406,2.825,2.825,2.825,2.825,100,2022-05-31 19:14:00
407,2.825,2.83,2.81,2.82,3286,2022-05-31 19:15:00
408,2.82,2.82,2.82,2.82,900,2022-05-31 19:16:00
409,2.83,2.83,2.83,2.83,1310,2022-05-31 19:23:00
410,2.83,2.83,2.83,2.83,200,2022-05-31 19:24:00
411,2.83,2.83,2.83,2.83,100,2022-05-31 19:25:00
412,2.83,2.83,2.83,2.83,200,2022-05-31 19:26:00
413,2.83,2.84,2.83,2.83,483,2022-05-31 19:28:00
414,2.83,2.83,2.83,2.83,100,2022-05-31 19:29:00
415,2.83,2.83,2.83,2.83,200,2022-05-31 19:30:00
416,2.83,2.84,2.83,2.84,700,2022-05-31 19:31:00
417,2.835,2.835,2.835,2.835,200,2022-05-31 19:33:00
418,2.835,2.835,2.835,2.835,100,2022-05-31 19:34:00
419,2.84,2.84,2.84,2.84,300,2022-05-31 19:35:00
420,2.85,2.85,2.85,2.85,100,2022-05-31 19:37:00
421,2.845,2.85,2.845,2.85,1344,2022-05-31 19:38:00
422,2.85,2.85,2.845,2.845,1700,2022-05-31 19:39:00
423,2.845,2.845,2.84,2.84,200,2022-05-31 19:40:00
424,2.84,2.84,2.835,2.84,1601,2022-05-31 19:41:00
425,2.84,2.84,2.84,2.84,800,2022-05-31 19:42:00
426,2.84,2.84,2.84,2.84,100,2022-05-31 19:46:00
427,2.845,2.845,2.845,2.845,100,2022-05-31 19:48:00
428,2.84,2.84,2.84,2.84,111,2022-05-31 19:50:00
429,2.845,2.85,2.845,2.85,1862,2022-05-31 19:51:00
430,2.845,2.845,2.845,2.845,300,2022-05-31 19:52:00
431,2.85,2.85,2.85,2.85,100,2022-05-31 19:53:00
432,2.85,2.85,2.845,2.85,535,2022-05-31 19:55:00
433,2.85,2.85,2.85,2.85,2163,2022-05-31 19:56:00
434,2.85,2.85,2.84,2.85,800,2022-05-31 19:57:00
435,2.845,2.845,2.845,2.845,300,2022-05-31 19:58:00
436,2.85,2.85,2.845,2.845,2200,2022-05-31 19:59:00
437,2.85,2.85,2.85,2.85,1028,2022-05-31 20:00:00
438,2.82,2.82,2.8,2.8,4606,2022-05-31 20:02:00
439,2.8,2.8,2.8,2.8,1000,2022-05-31 20:15:00
440,2.8,2.8,2.8,2.8,200,2022-05-31 21:10:00
441,2.78,2.78,2.78,2.78,200,2022-05-31 21:11:00
442,2.8,2.8,2.8,2.8,200,2022-05-31 21:23:00
443,2.8,2.8,2.8,2.8,400,2022-05-31 21:24:00
444,2.8,2.8,2.8,2.8,400,2022-05-31 21:25:00
445,2.8,2.8,2.8,2.8,600,2022-05-31 21:26:00
446,2.85,2.85,2.85,2.85,140,2022-05-31 22:13:00
447,2.84,2.84,2.84,2.84,500,2022-05-31 23:12:00
448,2.85,2.85,2.85,2.85,410,2022-05-31 23:13:00
449,2.86,2.86,2.86,2.86,350,2022-06-01 12:04:00
450,2.89,2.92,2.8848,2.92,569,2022-06-01 13:30:00
451,2.87,2.87,2.8401,2.8401,1200,2022-06-01 13:31:00
452,2.845,2.845,2.845,2.845,100,2022-06-01 13:32:00
453,2.87,2.91,2.87,2.89,1400,2022-06-01 13:33:00
454,2.89,2.91,2.89,2.91,1858,2022-06-01 13:34:00
455,2.94,2.95,2.94,2.95,6000,2022-06-01 13:35:00
456,2.91,2.91,2.91,2.91,500,2022-06-01 13:36:00
457,2.91,2.91,2.91,2.91,1000,2022-06-01 13:44:00
458,2.9,2.9,2.9,2.9,2504,2022-06-01 13:46:00
459,2.89,2.89,2.88,2.88,200,2022-06-01 13:52:00
460,2.8981,2.8981,2.8981,2.8981,1750,2022-06-01 13:53:00
461,2.88,2.88,2.87,2.88,1260,2022-06-01 13:54:00
462,2.9,2.9,2.89,2.89,2200,2022-06-01 13:55:00
463,2.9,2.9,2.9,2.9,400,2022-06-01 13:56:00
464,2.9,2.9,2.9,2.9,5500,2022-06-01 13:57:00
465,2.9611,2.9611,2.9611,2.9611,1000,2022-06-01 14:01:00
466,2.9,2.9,2.9,2.9,500,2022-06-01 14:08:00
467,2.9,2.9,2.895,2.895,763,2022-06-01 14:17:00
468,2.92,2.92,2.91,2.91,3343,2022-06-01 14:18:00
469,2.92,2.92,2.91,2.91,1260,2022-06-01 14:22:00
470,2.91,2.91,2.91,2.91,100,2022-06-01 14:27:00
471,2.905,2.915,2.9,2.915,1973,2022-06-01 14:29:00
472,2.92,2.92,2.92,2.92,100,2022-06-01 14:30:00
473,2.91,2.91,2.91,2.91,300,2022-06-01 14:34:00
474,2.9104,2.9104,2.9104,2.9104,539,2022-06-01 14:35:00
475,2.91,2.91,2.9,2.9,1400,2022-06-01 14:36:00
476,2.9,2.9,2.89,2.9,2300,2022-06-01 14:37:00
477,2.91,2.91,2.91,2.91,900,2022-06-01 14:39:00
478,2.91,2.91,2.91,2.91,100,2022-06-01 14:42:00
479,2.92,2.92,2.92,2.92,277,2022-06-01 14:53:00
480,2.93,2.935,2.93,2.93,1350,2022-06-01 15:02:00
481,2.925,2.925,2.925,2.925,100,2022-06-01 15:07:00
482,2.92,2.92,2.92,2.92,100,2022-06-01 15:17:00
483,2.925,2.9261,2.925,2.9261,1700,2022-06-01 15:18:00
484,2.9254,2.9254,2.9254,2.9254,500,2022-06-01 15:19:00
485,2.9245,2.925,2.92,2.9201,2700,2022-06-01 15:27:00
486,2.9101,2.915,2.9101,2.915,1454,2022-06-01 15:28:00
487,2.915,2.915,2.91,2.91,2199,2022-06-01 15:34:00
488,2.9,2.9,2.9,2.9,234,2022-06-01 15:37:00
489,2.88,2.88,2.87,2.87,4369,2022-06-01 15:42:00
490,2.885,2.885,2.88,2.88,373,2022-06-01 15:43:00
491,2.88,2.88,2.88,2.88,100,2022-06-01 15:44:00
492,2.88,2.88,2.88,2.88,250,2022-06-01 15:53:00
493,2.88,2.88,2.88,2.88,403,2022-06-01 15:56:00
494,2.88,2.88,2.86,2.86,20575,2022-06-01 15:58:00
495,2.865,2.865,2.865,2.865,100,2022-06-01 16:02:00
496,2.85,2.85,2.83,2.835,11258,2022-06-01 16:06:00
497,2.8201,2.8201,2.8201,2.8201,5000,2022-06-01 16:12:00
498,2.835,2.835,2.835,2.835,400,2022-06-01 16:13:00
499,2.84,2.84,2.84,2.84,600,2022-06-01 16:15:00
500,2.8398,2.84,2.8398,2.84,333,2022-06-01 16:22:00
501,2.8314,2.8314,2.8314,2.8314,100,2022-06-01 16:24:00
502,2.83,2.83,2.83,2.83,408,2022-06-01 16:25:00
503,2.8413,2.8413,2.8413,2.8413,500,2022-06-01 16:26:00
504,2.8301,2.8301,2.8301,2.8301,200,2022-06-01 16:41:00
505,2.83,2.83,2.83,2.83,255,2022-06-01 16:43:00
506,2.83,2.83,2.83,2.83,265,2022-06-01 16:45:00
507,2.82,2.84,2.82,2.825,10482,2022-06-01 16:51:00
508,2.83,2.84,2.83,2.835,1659,2022-06-01 16:57:00
509,2.83,2.83,2.83,2.83,100,2022-06-01 17:09:00
510,2.83,2.83,2.83,2.83,314,2022-06-01 17:11:00
511,2.82,2.82,2.82,2.82,2510,2022-06-01 17:22:00
512,2.825,2.825,2.82,2.82,462,2022-06-01 17:23:00
513,2.825,2.825,2.825,2.825,600,2022-06-01 17:24:00
514,2.82,2.82,2.82,2.82,100,2022-06-01 17:26:00
515,2.82,2.83,2.82,2.825,8656,2022-06-01 17:31:00
516,2.825,2.825,2.825,2.825,200,2022-06-01 17:35:00
517,2.825,2.83,2.825,2.825,1688,2022-06-01 17:39:00
518,2.825,2.825,2.825,2.825,100,2022-06-01 17:40:00
519,2.825,2.825,2.825,2.825,349,2022-06-01 17:47:00
520,2.83,2.83,2.825,2.825,1142,2022-06-01 17:48:00
521,2.825,2.825,2.825,2.825,100,2022-06-01 17:50:00
522,2.82,2.825,2.82,2.82,5394,2022-06-01 17:54:00
523,2.825,2.825,2.825,2.825,600,2022-06-01 17:55:00
524,2.825,2.825,2.825,2.825,400,2022-06-01 17:56:00
525,2.825,2.825,2.825,2.825,638,2022-06-01 17:58:00
526,2.825,2.825,2.825,2.825,106,2022-06-01 18:01:00
527,2.825,2.825,2.825,2.825,100,2022-06-01 18:06:00
528,2.825,2.825,2.825,2.825,134,2022-06-01 18:12:00
529,2.825,2.825,2.825,2.825,271,2022-06-01 18:14:00
530,2.825,2.825,2.825,2.825,400,2022-06-01 18:16:00
531,2.82,2.82,2.82,2.82,3740,2022-06-01 18:19:00
532,2.825,2.825,2.825,2.825,300,2022-06-01 18:22:00
533,2.825,2.835,2.825,2.835,800,2022-06-01 18:26:00
534,2.835,2.835,2.835,2.835,200,2022-06-01 18:29:00
535,2.835,2.835,2.835,2.835,1908,2022-06-01 18:31:00
536,2.835,2.835,2.835,2.835,3465,2022-06-01 18:32:00
537,2.8301,2.8301,2.8301,2.8301,300,2022-06-01 18:38:00
538,2.835,2.835,2.835,2.835,200,2022-06-01 18:39:00
539,2.835,2.835,2.835,2.835,100,2022-06-01 18:42:00
540,2.835,2.845,2.83,2.845,2068,2022-06-01 18:43:00
541,2.845,2.845,2.845,2.845,402,2022-06-01 18:45:00
542,2.8496,2.8496,2.845,2.845,1156,2022-06-01 18:48:00
543,2.845,2.845,2.845,2.845,500,2022-06-01 18:55:00
544,2.8401,2.845,2.84,2.845,2273,2022-06-01 19:01:00
545,2.845,2.845,2.845,2.845,365,2022-06-01 19:06:00
546,2.8489,2.8489,2.8489,2.8489,499,2022-06-01 19:07:00
547,2.845,2.845,2.845,2.845,922,2022-06-01 19:08:00
548,2.845,2.845,2.845,2.845,200,2022-06-01 19:13:00
549,2.845,2.86,2.845,2.855,2776,2022-06-01 19:14:00
550,2.855,2.855,2.855,2.855,447,2022-06-01 19:16:00
551,2.855,2.855,2.855,2.855,200,2022-06-01 19:17:00
552,2.8501,2.8501,2.85,2.85,1600,2022-06-01 19:20:00
553,2.8532,2.8532,2.8532,2.8532,100,2022-06-01 19:21:00
554,2.855,2.855,2.855,2.855,800,2022-06-01 19:27:00
555,2.855,2.855,2.855,2.855,693,2022-06-01 19:29:00
556,2.855,2.855,2.855,2.855,200,2022-06-01 19:30:00
557,2.855,2.855,2.855,2.855,100,2022-06-01 19:32:00
558,2.855,2.855,2.855,2.855,621,2022-06-01 19:34:00
559,2.85,2.85,2.84,2.84,1217,2022-06-01 19:36:00
560,2.84,2.84,2.84,2.84,100,2022-06-01 19:37:00
561,2.835,2.835,2.835,2.835,100,2022-06-01 19:40:00
562,2.84,2.84,2.84,2.84,100,2022-06-01 19:41:00
563,2.83,2.83,2.83,2.83,997,2022-06-01 19:42:00
564,2.84,2.8497,2.84,2.8497,631,2022-06-01 19:45:00
565,2.84,2.84,2.84,2.84,700,2022-06-01 19:47:00
566,2.84,2.845,2.84,2.845,1800,2022-06-01 19:48:00
567,2.845,2.845,2.845,2.845,330,2022-06-01 19:49:00
568,2.845,2.845,2.84,2.84,644,2022-06-01 19:50:00
569,2.84,2.84,2.83,2.83,2622,2022-06-01 19:51:00
570,2.83,2.83,2.83,2.83,100,2022-06-01 19:52:00
571,2.825,2.825,2.825,2.825,100,2022-06-01 19:53:00
572,2.8201,2.825,2.8201,2.825,350,2022-06-01 19:54:00
573,2.82,2.8262,2.82,2.8262,394,2022-06-01 19:55:00
574,2.825,2.825,2.82,2.825,11920,2022-06-01 19:56:00
575,2.82,2.825,2.82,2.825,623,2022-06-01 19:57:00
576,2.82,2.825,2.82,2.825,952,2022-06-01 19:58:00
577,2.83,2.83,2.82,2.82,2009,2022-06-01 19:59:00
578,2.825,2.825,2.825,2.825,886,2022-06-01 20:00:00
579,2.83,2.89,2.83,2.89,1396,2022-06-02 13:30:00
580,2.8,2.8,2.795,2.795,1743,2022-06-02 13:32:00
581,2.82,2.82,2.8,2.8,614,2022-06-02 13:41:00
582,2.825,2.91,2.825,2.87,3826,2022-06-02 13:45:00
583,2.8772,2.8772,2.8772,2.8772,100,2022-06-02 13:46:00
584,2.83,2.83,2.83,2.83,200,2022-06-02 13:48:00
585,2.87,2.89,2.86,2.885,2500,2022-06-02 13:49:00
586,2.89,2.9,2.89,2.9,200,2022-06-02 13:54:00
587,2.86,2.86,2.86,2.86,100,2022-06-02 13:55:00
588,2.9,2.94,2.86,2.87,1600,2022-06-02 14:03:00
589,2.88,2.88,2.86,2.87,2299,2022-06-02 14:14:00
590,2.87,2.87,2.87,2.87,100,2022-06-02 14:15:00
591,2.87,2.87,2.87,2.87,1100,2022-06-02 14:16:00
592,2.84,2.84,2.83,2.83,513,2022-06-02 14:21:00
593,2.84,2.87,2.84,2.86,1693,2022-06-02 14:31:00
594,2.9,2.9,2.9,2.9,100,2022-06-02 14:47:00
595,2.9,2.9,2.9,2.9,274,2022-06-02 14:48:00
596,2.905,2.905,2.905,2.905,100,2022-06-02 14:53:00
597,2.905,2.905,2.905,2.905,100,2022-06-02 14:54:00
598,2.895,2.895,2.895,2.895,300,2022-06-02 14:59:00
599,2.895,2.895,2.895,2.895,100,2022-06-02 15:00:00
600,2.895,2.895,2.895,2.895,100,2022-06-02 15:02:00
601,2.895,2.905,2.895,2.905,345,2022-06-02 15:03:00
602,2.905,2.905,2.905,2.905,1800,2022-06-02 15:06:00
603,2.905,2.905,2.905,2.905,1700,2022-06-02 15:07:00
604,2.905,2.905,2.905,2.905,800,2022-06-02 15:09:00
605,2.905,2.905,2.9,2.9,2800,2022-06-02 15:10:00
606,2.905,2.905,2.905,2.905,300,2022-06-02 15:11:00
607,2.9001,2.905,2.89,2.89,2500,2022-06-02 15:12:00
608,2.88,2.88,2.88,2.88,1000,2022-06-02 15:23:00
609,2.88,2.88,2.88,2.88,1800,2022-06-02 15:29:00
610,2.88,2.88,2.88,2.88,300,2022-06-02 15:32:00
611,2.88,2.88,2.88,2.88,200,2022-06-02 15:34:00
612,2.8748,2.8748,2.8748,2.8748,100,2022-06-02 15:41:00
613,2.885,2.885,2.885,2.885,100,2022-06-02 15:44:00
614,2.885,2.885,2.885,2.885,100,2022-06-02 15:45:00
615,2.89,2.89,2.89,2.89,100,2022-06-02 15:46:00
616,2.87,2.87,2.87,2.87,800,2022-06-02 15:47:00
617,2.885,2.885,2.885,2.885,1300,2022-06-02 15:56:00
618,2.89,2.89,2.89,2.89,245,2022-06-02 16:00:00
619,2.89,2.89,2.89,2.89,378,2022-06-02 16:02:00
620,2.89,2.89,2.89,2.89,200,2022-06-02 16:11:00
621,2.885,2.89,2.88,2.88,1020,2022-06-02 16:16:00
622,2.89,2.89,2.89,2.89,100,2022-06-02 16:21:00
623,2.89,2.89,2.88,2.88,1600,2022-06-02 16:26:00
624,2.89,2.89,2.89,2.89,200,2022-06-02 16:31:00
625,2.88,2.88,2.85,2.86,11400,2022-06-02 16:43:00
626,2.88,2.88,2.88,2.88,400,2022-06-02 16:46:00
627,2.87,2.87,2.86,2.865,1100,2022-06-02 16:53:00
628,2.8628,2.8628,2.8628,2.8628,212,2022-06-02 16:58:00
629,2.86,2.86,2.86,2.86,200,2022-06-02 16:59:00
630,2.86,2.86,2.86,2.86,1000,2022-06-02 17:02:00
631,2.86,2.86,2.86,2.86,100,2022-06-02 17:16:00
632,2.86,2.86,2.86,2.86,589,2022-06-02 17:22:00
633,2.86,2.87,2.86,2.865,2078,2022-06-02 17:25:00
634,2.8501,2.8501,2.8501,2.8501,125,2022-06-02 17:27:00
635,2.85,2.85,2.85,2.85,500,2022-06-02 17:35:00
636,2.86,2.86,2.86,2.86,479,2022-06-02 17:38:00
637,2.86,2.8681,2.86,2.8681,400,2022-06-02 17:48:00
638,2.86,2.8683,2.86,2.86,1600,2022-06-02 17:50:00
639,2.86,2.86,2.85,2.85,900,2022-06-02 17:51:00
640,2.86,2.86,2.86,2.86,400,2022-06-02 17:53:00
641,2.86,2.86,2.86,2.86,1000,2022-06-02 18:08:00
642,2.86,2.86,2.86,2.86,200,2022-06-02 18:09:00
643,2.86,2.86,2.86,2.86,680,2022-06-02 18:12:00
644,2.86,2.86,2.86,2.86,100,2022-06-02 18:14:00
645,2.8554,2.8554,2.85,2.855,1300,2022-06-02 18:20:00
646,2.85,2.855,2.83,2.83,3100,2022-06-02 18:21:00
647,2.835,2.835,2.8301,2.835,929,2022-06-02 18:22:00
648,2.835,2.84,2.83,2.83,37150,2022-06-02 18:23:00
649,2.845,2.845,2.845,2.845,104,2022-06-02 18:24:00
650,2.84,2.84,2.83,2.83,2100,2022-06-02 18:26:00
651,2.8301,2.8301,2.8301,2.8301,1000,2022-06-02 18:27:00
652,2.84,2.84,2.84,2.84,300,2022-06-02 18:29:00
653,2.85,2.85,2.85,2.85,400,2022-06-02 18:31:00
654,2.83,2.83,2.83,2.83,600,2022-06-02 18:33:00
655,2.8387,2.8387,2.8387,2.8387,500,2022-06-02 18:34:00
656,2.84,2.84,2.84,2.84,100,2022-06-02 18:36:00
657,2.84,2.86,2.84,2.86,3100,2022-06-02 18:38:00
658,2.86,2.86,2.86,2.86,100,2022-06-02 18:39:00
659,2.86,2.86,2.86,2.86,100,2022-06-02 18:41:00
660,2.87,2.87,2.87,2.87,100,2022-06-02 18:43:00
661,2.87,2.88,2.87,2.88,1773,2022-06-02 18:44:00
662,2.89,2.89,2.89,2.89,2000,2022-06-02 18:45:00
663,2.9,2.9,2.9,2.9,200,2022-06-02 18:47:00
664,2.9,2.91,2.9,2.9,3807,2022-06-02 18:49:00
665,2.91,2.91,2.9,2.9,200,2022-06-02 18:51:00
666,2.91,2.95,2.91,2.92,5294,2022-06-02 18:53:00
667,2.935,2.935,2.935,2.935,100,2022-06-02 18:54:00
668,2.9347,2.9347,2.92,2.92,1300,2022-06-02 18:55:00
669,2.93,2.93,2.91,2.915,2864,2022-06-02 18:56:00
670,2.9,2.91,2.9,2.91,200,2022-06-02 18:57:00
671,2.895,2.895,2.895,2.895,290,2022-06-02 18:58:00
672,2.895,2.895,2.89,2.895,600,2022-06-02 18:59:00
673,2.89,2.89,2.89,2.89,100,2022-06-02 19:00:00
674,2.89,2.89,2.875,2.875,2000,2022-06-02 19:02:00
675,2.875,2.8826,2.86,2.86,4600,2022-06-02 19:03:00
676,2.88,2.88,2.88,2.88,100,2022-06-02 19:11:00
677,2.87,2.88,2.87,2.87,1321,2022-06-02 19:14:00
678,2.87,2.87,2.87,2.87,400,2022-06-02 19:16:00
679,2.87,2.87,2.87,2.87,300,2022-06-02 19:17:00
680,2.87,2.87,2.87,2.87,100,2022-06-02 19:22:00
681,2.862,2.862,2.86,2.86,600,2022-06-02 19:26:00
682,2.86,2.8644,2.82,2.83,9049,2022-06-02 19:28:00
683,2.83,2.83,2.82,2.825,1700,2022-06-02 19:29:00
684,2.83,2.83,2.83,2.83,100,2022-06-02 19:30:00
685,2.83,2.83,2.82,2.82,1531,2022-06-02 19:31:00
686,2.82,2.82,2.82,2.82,200,2022-06-02 19:35:00
687,2.83,2.835,2.83,2.83,982,2022-06-02 19:36:00
688,2.835,2.84,2.835,2.84,1377,2022-06-02 19:37:00
689,2.848,2.85,2.84,2.84,1200,2022-06-02 19:39:00
690,2.84,2.84,2.84,2.84,400,2022-06-02 19:40:00
691,2.84,2.84,2.84,2.84,300,2022-06-02 19:42:00
692,2.84,2.84,2.84,2.84,309,2022-06-02 19:43:00
693,2.8439,2.85,2.83,2.85,2180,2022-06-02 19:44:00
694,2.8486,2.86,2.84,2.86,1742,2022-06-02 19:45:00
695,2.86,2.86,2.86,2.86,790,2022-06-02 19:46:00
696,2.86,2.865,2.83,2.865,3102,2022-06-02 19:47:00
697,2.85,2.87,2.84,2.85,2408,2022-06-02 19:48:00
698,2.86,2.86,2.86,2.86,356,2022-06-02 19:49:00
699,2.87,2.88,2.87,2.88,600,2022-06-02 19:50:00
700,2.87,2.88,2.85,2.88,3332,2022-06-02 19:51:00
701,2.875,2.875,2.875,2.875,120,2022-06-02 19:52:00
702,2.875,2.875,2.85,2.85,4249,2022-06-02 19:53:00
703,2.85,2.855,2.84,2.85,4210,2022-06-02 19:54:00
704,2.84,2.8514,2.84,2.85,4567,2022-06-02 19:55:00
705,2.85,2.85,2.84,2.84,1200,2022-06-02 19:56:00
706,2.85,2.8589,2.84,2.84,3300,2022-06-02 19:57:00
707,2.85,2.855,2.84,2.85,4934,2022-06-02 19:58:00
708,2.85,2.8582,2.84,2.84,6202,2022-06-02 19:59:00
709,2.86,2.86,2.86,2.86,1296,2022-06-02 20:00:00
710,2.8,2.8,2.8,2.8,513,2022-06-03 13:30:00
711,2.8,2.8,2.8,2.8,202,2022-06-03 13:34:00
712,2.7685,2.7685,2.7685,2.7685,300,2022-06-03 13:37:00
713,2.85,2.85,2.825,2.84,3826,2022-06-03 13:39:00
714,2.9,2.9,2.9,2.9,180,2022-06-03 13:47:00
715,2.9,2.9,2.9,2.9,200,2022-06-03 13:50:00
716,2.87,2.87,2.87,2.87,100,2022-06-03 13:51:00
717,2.92,2.92,2.9146,2.9146,600,2022-06-03 13:52:00
718,2.92,2.95,2.92,2.95,1094,2022-06-03 13:54:00
719,2.95,2.99,2.95,2.99,8608,2022-06-03 13:56:00
720,2.9899,2.9944,2.96,2.96,3848,2022-06-03 13:57:00
721,2.97,2.99,2.97,2.99,2100,2022-06-03 13:58:00
722,2.9765,2.9765,2.9765,2.9765,100,2022-06-03 14:00:00
723,2.975,2.99,2.975,2.975,6826,2022-06-03 14:01:00
724,2.975,2.99,2.975,2.975,5075,2022-06-03 14:02:00
725,2.96,2.97,2.95,2.95,3905,2022-06-03 14:03:00
726,2.9637,2.9637,2.93,2.93,1300,2022-06-03 14:05:00
727,2.95,2.95,2.95,2.95,100,2022-06-03 14:07:00
728,2.95,2.95,2.95,2.95,700,2022-06-03 14:08:00
729,2.94,2.94,2.94,2.94,100,2022-06-03 14:09:00
730,2.94,2.95,2.92,2.92,3024,2022-06-03 14:10:00
731,2.92,2.95,2.92,2.93,6607,2022-06-03 14:11:00
732,2.91,2.91,2.91,2.91,100,2022-06-03 14:13:00
733,2.9,2.9,2.9,2.9,100,2022-06-03 14:14:00
734,2.9,2.92,2.9,2.92,200,2022-06-03 14:16:00
735,2.925,2.925,2.925,2.925,2105,2022-06-03 14:18:00
736,2.91,2.91,2.91,2.91,100,2022-06-03 14:19:00
737,2.9,2.9,2.88,2.88,300,2022-06-03 14:21:00
738,2.89,2.89,2.89,2.89,444,2022-06-03 14:22:00
739,2.9,2.9,2.89,2.89,900,2022-06-03 14:23:00
740,2.9,2.9,2.9,2.9,600,2022-06-03 14:24:00
741,2.89,2.9,2.89,2.9,362,2022-06-03 14:25:00
742,2.9,2.9,2.89,2.89,2100,2022-06-03 14:26:00
743,2.9,2.9,2.89,2.89,200,2022-06-03 14:27:00
744,2.9,2.9,2.885,2.89,1660,2022-06-03 14:30:00
745,2.88,2.88,2.88,2.88,900,2022-06-03 14:31:00
746,2.89,2.89,2.89,2.89,100,2022-06-03 14:34:00
747,2.89,2.89,2.89,2.89,100,2022-06-03 14:35:00
748,2.8713,2.8713,2.8713,2.8713,500,2022-06-03 14:39:00
749,2.87,2.8704,2.87,2.8704,599,2022-06-03 14:44:00
750,2.87,2.885,2.87,2.885,200,2022-06-03 14:48:00
751,2.87,2.87,2.87,2.87,100,2022-06-03 14:51:00
752,2.87,2.87,2.87,2.87,100,2022-06-03 14:55:00
753,2.88,2.88,2.88,2.88,200,2022-06-03 14:57:00
754,2.87,2.88,2.87,2.88,1000,2022-06-03 14:59:00
755,2.86,2.86,2.85,2.85,2224,2022-06-03 15:00:00
756,2.83,2.8434,2.83,2.84,47480,2022-06-03 15:03:00
757,2.84,2.84,2.84,2.84,400,2022-06-03 15:04:00
758,2.8315,2.8315,2.8315,2.8315,1300,2022-06-03 15:07:00
759,2.8301,2.845,2.8301,2.845,5550,2022-06-03 15:08:00
760,2.83,2.84,2.83,2.84,300,2022-06-03 15:10:00
761,2.84,2.84,2.84,2.84,100,2022-06-03 15:11:00
762,2.85,2.85,2.85,2.85,100,2022-06-03 15:13:00
763,2.84,2.84,2.84,2.84,100,2022-06-03 15:14:00
764,2.84,2.84,2.84,2.84,2415,2022-06-03 15:15:00
765,2.84,2.84,2.84,2.84,530,2022-06-03 15:18:00
766,2.84,2.84,2.84,2.84,1618,2022-06-03 15:22:00
767,2.84,2.84,2.84,2.84,213,2022-06-03 15:24:00
768,2.84,2.84,2.84,2.84,100,2022-06-03 15:26:00
769,2.84,2.84,2.84,2.84,200,2022-06-03 15:27:00
770,2.8499,2.8499,2.8499,2.8499,1000,2022-06-03 15:29:00
771,2.84,2.84,2.84,2.84,410,2022-06-03 15:30:00
772,2.85,2.85,2.85,2.85,300,2022-06-03 15:33:00
773,2.84,2.84,2.84,2.84,100,2022-06-03 15:43:00
774,2.84,2.84,2.84,2.84,700,2022-06-03 15:45:00
775,2.84,2.84,2.84,2.84,200,2022-06-03 15:46:00
776,2.84,2.84,2.84,2.84,400,2022-06-03 15:49:00
777,2.83,2.83,2.815,2.815,1500,2022-06-03 15:50:00
778,2.8123,2.82,2.81,2.81,1566,2022-06-03 15:51:00
779,2.81,2.835,2.81,2.835,989,2022-06-03 15:52:00
780,2.82,2.82,2.82,2.82,100,2022-06-03 15:58:00
781,2.8201,2.8201,2.8201,2.8201,100,2022-06-03 16:00:00
782,2.84,2.84,2.84,2.84,400,2022-06-03 16:07:00
783,2.835,2.835,2.835,2.835,100,2022-06-03 16:09:00
784,2.83,2.83,2.83,2.83,200,2022-06-03 16:10:00
785,2.8378,2.8378,2.8378,2.8378,100,2022-06-03 16:11:00
786,2.82,2.82,2.82,2.82,100,2022-06-03 16:13:00
787,2.81,2.81,2.79,2.79,800,2022-06-03 16:19:00
788,2.7901,2.7901,2.7901,2.7901,3000,2022-06-03 16:20:00
789,2.8,2.8,2.8,2.8,364,2022-06-03 16:22:00
790,2.8,2.81,2.8,2.8016,1367,2022-06-03 16:23:00
791,2.81,2.825,2.81,2.825,1997,2022-06-03 16:25:00
792,2.83,2.8311,2.83,2.8311,500,2022-06-03 16:26:00
793,2.83,2.83,2.83,2.83,675,2022-06-03 16:27:00
794,2.8201,2.8201,2.8201,2.8201,173,2022-06-03 16:29:00
795,2.82,2.82,2.82,2.82,100,2022-06-03 16:33:00
796,2.81,2.81,2.81,2.81,100,2022-06-03 16:36:00
797,2.81,2.81,2.81,2.81,100,2022-06-03 16:41:00
798,2.81,2.82,2.81,2.81,1332,2022-06-03 16:43:00
799,2.82,2.83,2.82,2.83,625,2022-06-03 16:44:00
800,2.835,2.8494,2.835,2.84,2548,2022-06-03 16:45:00
801,2.84,2.84,2.835,2.84,405,2022-06-03 16:51:00
802,2.84,2.84,2.84,2.84,200,2022-06-03 16:53:00
803,2.84,2.84,2.83,2.83,332,2022-06-03 16:55:00
804,2.83,2.85,2.83,2.85,600,2022-06-03 16:56:00
805,2.84,2.84,2.84,2.84,100,2022-06-03 17:01:00
806,2.84,2.84,2.84,2.84,100,2022-06-03 17:02:00
807,2.85,2.85,2.845,2.845,262,2022-06-03 17:03:00
808,2.86,2.9,2.86,2.9,5030,2022-06-03 17:04:00
809,2.89,2.89,2.89,2.89,100,2022-06-03 17:05:00
810,2.9,2.9,2.9,2.9,1744,2022-06-03 17:11:00
811,2.905,2.9149,2.905,2.905,3700,2022-06-03 17:12:00
812,2.9,2.905,2.9,2.905,958,2022-06-03 17:13:00
813,2.905,2.905,2.89,2.89,1359,2022-06-03 17:14:00
814,2.9,2.9,2.9,2.9,381,2022-06-03 17:15:00
815,2.882,2.8879,2.882,2.8879,300,2022-06-03 17:18:00
816,2.89,2.89,2.88,2.885,2200,2022-06-03 17:20:00
817,2.89,2.89,2.89,2.89,200,2022-06-03 17:22:00
818,2.9,2.9,2.9,2.9,100,2022-06-03 17:23:00
819,2.9,2.9,2.9,2.9,600,2022-06-03 17:25:00
820,2.9,2.91,2.89,2.905,1378,2022-06-03 17:26:00
821,2.905,2.905,2.905,2.905,100,2022-06-03 17:27:00
822,2.89,2.89,2.89,2.89,300,2022-06-03 17:28:00
823,2.895,2.895,2.88,2.88,200,2022-06-03 17:29:00
824,2.9,2.9,2.9,2.9,100,2022-06-03 17:37:00
825,2.89,2.89,2.89,2.89,900,2022-06-03 17:41:00
826,2.89,2.89,2.89,2.89,100,2022-06-03 17:43:00
827,2.9,2.9,2.9,2.9,200,2022-06-03 17:44:00
828,2.88,2.88,2.88,2.88,100,2022-06-03 17:45:00
829,2.89,2.89,2.89,2.89,100,2022-06-03 17:54:00
830,2.88,2.89,2.88,2.89,442,2022-06-03 17:55:00
831,2.89,2.89,2.89,2.89,200,2022-06-03 17:56:00
832,2.89,2.89,2.89,2.89,100,2022-06-03 17:57:00
833,2.88,2.89,2.88,2.89,1100,2022-06-03 18:03:00
834,2.89,2.89,2.89,2.89,200,2022-06-03 18:13:00
835,2.89,2.89,2.89,2.89,200,2022-06-03 18:14:00
836,2.88,2.89,2.88,2.89,600,2022-06-03 18:15:00
837,2.895,2.895,2.895,2.895,925,2022-06-03 18:22:00
838,2.9,2.9,2.9,2.9,100,2022-06-03 18:25:00
839,2.9,2.9,2.9,2.9,400,2022-06-03 18:28:00
840,2.9,2.9,2.9,2.9,100,2022-06-03 18:39:00
841,2.9,2.9,2.9,2.9,600,2022-06-03 18:40:00
842,2.9,2.9,2.9,2.9,100,2022-06-03 18:45:00
843,2.89,2.89,2.89,2.89,500,2022-06-03 18:48:00
844,2.9,2.9,2.9,2.9,400,2022-06-03 18:50:00
845,2.9,2.9,2.9,2.9,200,2022-06-03 18:51:00
846,2.9,2.9,2.9,2.9,100,2022-06-03 18:53:00
847,2.91,2.91,2.91,2.91,100,2022-06-03 18:58:00
848,2.9,2.9,2.9,2.9,100,2022-06-03 19:03:00
849,2.9,2.9,2.9,2.9,400,2022-06-03 19:06:00
850,2.9,2.9,2.9,2.9,669,2022-06-03 19:08:00
851,2.905,2.905,2.905,2.905,100,2022-06-03 19:10:00
852,2.8917,2.9,2.89,2.89,1201,2022-06-03 19:12:00
853,2.9,2.9,2.89,2.9,875,2022-06-03 19:14:00
854,2.8989,2.8989,2.8989,2.8989,700,2022-06-03 19:16:00
855,2.8915,2.9,2.8915,2.8982,2100,2022-06-03 19:17:00
856,2.89,2.9,2.89,2.9,2144,2022-06-03 19:18:00
857,2.8999,2.8999,2.8988,2.8988,1244,2022-06-03 19:19:00
858,2.9,2.9,2.9,2.9,100,2022-06-03 19:20:00
859,2.9,2.9,2.9,2.9,200,2022-06-03 19:22:00
860,2.895,2.9,2.89,2.9,879,2022-06-03 19:23:00
861,2.895,2.895,2.895,2.895,100,2022-06-03 19:25:00
862,2.895,2.895,2.895,2.895,100,2022-06-03 19:26:00
863,2.895,2.895,2.895,2.895,500,2022-06-03 19:27:00
864,2.89,2.89,2.89,2.89,100,2022-06-03 19:30:00
865,2.88,2.89,2.88,2.88,700,2022-06-03 19:31:00
866,2.89,2.89,2.885,2.885,800,2022-06-03 19:33:00
867,2.89,2.89,2.89,2.89,100,2022-06-03 19:34:00
868,2.89,2.89,2.89,2.89,500,2022-06-03 19:35:00
869,2.8801,2.8801,2.8801,2.8801,500,2022-06-03 19:37:00
870,2.89,2.89,2.89,2.89,200,2022-06-03 19:38:00
871,2.89,2.89,2.89,2.89,100,2022-06-03 19:40:00
872,2.89,2.89,2.89,2.89,175,2022-06-03 19:41:00
873,2.89,2.89,2.89,2.89,100,2022-06-03 19:42:00
874,2.89,2.9,2.89,2.9,200,2022-06-03 19:43:00
875,2.89,2.89,2.89,2.89,100,2022-06-03 19:45:00
876,2.89,2.89,2.89,2.89,100,2022-06-03 19:46:00
877,2.9,2.9,2.9,2.9,400,2022-06-03 19:47:00
878,2.9,2.91,2.9,2.905,904,2022-06-03 19:48:00
879,2.905,2.905,2.905,2.905,100,2022-06-03 19:49:00
880,2.9,2.905,2.9,2.905,400,2022-06-03 19:50:00
881,2.905,2.91,2.905,2.905,1453,2022-06-03 19:51:00
882,2.9,2.9,2.9,2.9,432,2022-06-03 19:52:00
883,2.9,2.9,2.9,2.9,100,2022-06-03 19:53:00
884,2.9,2.9,2.89,2.89,591,2022-06-03 19:54:00
885,2.9,2.91,2.89,2.895,6714,2022-06-03 19:55:00
886,2.895,2.9,2.89,2.9,986,2022-06-03 19:56:00
887,2.89,2.9,2.89,2.9,2779,2022-06-03 19:57:00
888,2.9,2.9,2.86,2.9,12365,2022-06-03 19:58:00
889,2.89,2.9,2.88,2.89,3380,2022-06-03 19:59:00
890,2.9,2.9,2.9,2.9,627,2022-06-03 20:00:00
891,2.76,2.76,2.76,2.76,500,2022-06-06 12:41:00
892,2.76,2.76,2.76,2.76,500,2022-06-06 12:43:00
893,2.87,2.87,2.87,2.87,202,2022-06-06 13:02:00
894,2.95,2.95,2.91,2.91,2243,2022-06-06 13:30:00
895,2.9431,2.9431,2.9431,2.9431,100,2022-06-06 13:32:00
896,2.975,2.975,2.975,2.975,100,2022-06-06 13:33:00
897,3.0094,3.0183,3.0094,3.0183,200,2022-06-06 13:35:00
898,3.0199,3.0199,2.96,2.96,500,2022-06-06 13:36:00
899,2.9899,2.99,2.98,2.99,400,2022-06-06 13:37:00
900,2.98,2.98,2.98,2.98,130,2022-06-06 13:38:00
901,2.98,2.9999,2.98,2.98,3251,2022-06-06 13:40:00
902,2.9999,2.9999,2.9999,2.9999,100,2022-06-06 13:43:00
903,3.0,3.065,3.0,3.065,1012,2022-06-06 13:44:00
904,3.052,3.052,3.052,3.052,200,2022-06-06 13:48:00
905,3.03,3.065,2.93,2.93,11779,2022-06-06 13:50:00
906,2.98,2.98,2.97,2.97,200,2022-06-06 13:52:00
907,2.97,2.97,2.93,2.93,600,2022-06-06 13:53:00
908,2.96,3.0099,2.96,3.0099,721,2022-06-06 13:55:00
909,2.97,3.0,2.97,3.0,1920,2022-06-06 13:56:00
910,2.98,3.0,2.98,3.0,809,2022-06-06 13:57:00
911,2.98,3.005,2.98,3.005,736,2022-06-06 13:58:00
912,2.98,2.98,2.98,2.98,595,2022-06-06 13:59:00
913,2.98,2.98,2.98,2.98,161,2022-06-06 14:00:00
914,2.99,2.99,2.98,2.99,500,2022-06-06 14:02:00
915,2.98,2.98,2.95,2.95,3925,2022-06-06 14:04:00
916,2.97,2.9899,2.97,2.9899,700,2022-06-06 14:05:00
917,3.0,3.0,3.0,3.0,200,2022-06-06 14:06:00
918,3.0,3.0,2.97,2.97,3190,2022-06-06 14:08:00
919,2.97,2.97,2.97,2.97,650,2022-06-06 14:09:00
920,2.97,2.97,2.97,2.97,246,2022-06-06 14:10:00
921,2.98,2.98,2.98,2.98,500,2022-06-06 14:16:00
922,3.0,3.01,3.0,3.01,1300,2022-06-06 14:17:00
923,2.98,2.98,2.98,2.98,200,2022-06-06 14:18:00
924,3.0,3.01,2.99,3.0,5380,2022-06-06 14:19:00
925,3.0,3.0,3.0,3.0,200,2022-06-06 14:20:00
926,2.99,2.99,2.99,2.99,884,2022-06-06 14:21:00
927,3.005,3.005,3.005,3.005,213,2022-06-06 14:22:00
928,3.005,3.02,3.005,3.015,1350,2022-06-06 14:23:00
929,3.0355,3.0355,3.0,3.0,1100,2022-06-06 14:28:00
930,3.015,3.015,3.0,3.0076,1000,2022-06-06 14:29:00
931,3.005,3.005,2.9955,3.0,600,2022-06-06 14:30:00
932,3.005,3.005,3.005,3.005,300,2022-06-06 14:32:00
933,3.0399,3.0399,3.0399,3.0399,100,2022-06-06 14:34:00
934,3.02,3.04,3.02,3.025,5928,2022-06-06 14:35:00
935,3.025,3.025,3.025,3.025,200,2022-06-06 14:38:00
936,3.025,3.025,3.025,3.025,100,2022-06-06 14:39:00
937,3.025,3.025,3.025,3.025,100,2022-06-06 14:41:00
938,3.02,3.02,3.02,3.02,372,2022-06-06 14:43:00
939,3.0538,3.0538,3.0538,3.0538,400,2022-06-06 14:44:00
940,3.025,3.025,3.025,3.025,100,2022-06-06 14:52:00
941,3.02,3.02,3.0001,3.0001,3900,2022-06-06 14:53:00
942,3.0001,3.0001,3.0001,3.0001,700,2022-06-06 14:54:00
943,3.0008,3.0008,3.0008,3.0008,1000,2022-06-06 14:55:00
944,3.005,3.01,3.0,3.005,15289,2022-06-06 14:57:00
945,3.005,3.005,3.005,3.005,100,2022-06-06 14:58:00
946,3.015,3.015,3.015,3.015,100,2022-06-06 15:00:00
947,3.0,3.0,2.985,2.985,2189,2022-06-06 15:04:00
948,2.985,2.985,2.985,2.985,100,2022-06-06 15:07:00
949,2.97,2.97,2.97,2.97,187,2022-06-06 15:10:00
950,2.9601,2.9601,2.9601,2.9601,2000,2022-06-06 15:11:00
951,2.97,2.97,2.97,2.97,140,2022-06-06 15:12:00
952,2.97,2.97,2.965,2.965,1840,2022-06-06 15:13:00
953,2.97,2.98,2.97,2.97,800,2022-06-06 15:14:00
954,2.99,2.99,2.99,2.99,100,2022-06-06 15:19:00
955,2.99,2.99,2.99,2.99,343,2022-06-06 15:22:00
956,3.0,3.0,3.0,3.0,100,2022-06-06 15:23:00
957,3.0046,3.0046,3.0,3.0,1120,2022-06-06 15:24:00
958,3.0,3.0,3.0,3.0,200,2022-06-06 15:25:00
959,3.0,3.0,3.0,3.0,200,2022-06-06 15:26:00
960,3.0,3.0,3.0,3.0,200,2022-06-06 15:28:00
961,3.0,3.0,3.0,3.0,100,2022-06-06 15:29:00
962,2.99,2.99,2.99,2.99,100,2022-06-06 15:31:00
963,2.99,2.99,2.99,2.99,100,2022-06-06 15:36:00
964,2.99,2.99,2.99,2.99,400,2022-06-06 15:38:00
965,2.99,2.99,2.99,2.99,100,2022-06-06 15:41:00
966,2.99,2.99,2.99,2.99,100,2022-06-06 15:42:00
967,2.99,2.99,2.98,2.99,300,2022-06-06 15:44:00
968,3.0,3.0,3.0,3.0,300,2022-06-06 15:45:00
969,3.015,3.015,3.01,3.01,2139,2022-06-06 15:47:00
970,3.015,3.015,3.015,3.015,100,2022-06-06 15:48:00
971,3.0,3.0,3.0,3.0,600,2022-06-06 15:49:00
972,2.99,2.99,2.99,2.99,830,2022-06-06 15:55:00
973,3.005,3.005,2.99,3.0,814,2022-06-06 16:01:00
974,2.99,2.99,2.99,2.99,100,2022-06-06 16:02:00
975,2.98,2.99,2.98,2.99,220,2022-06-06 16:03:00
976,2.99,2.99,2.99,2.99,200,2022-06-06 16:05:00
977,2.98,2.98,2.96,2.96,2680,2022-06-06 16:08:00
978,2.97,2.97,2.97,2.97,100,2022-06-06 16:09:00
979,2.955,2.955,2.955,2.955,100,2022-06-06 16:10:00
980,2.955,2.97,2.955,2.97,1150,2022-06-06 16:11:00
981,2.97,2.97,2.97,2.97,560,2022-06-06 16:13:00
982,2.97,2.97,2.94,2.94,2724,2022-06-06 16:14:00
983,2.96,2.96,2.96,2.96,200,2022-06-06 16:15:00
984,2.98,2.98,2.98,2.98,280,2022-06-06 16:16:00
985,2.98,2.98,2.98,2.98,100,2022-06-06 16:17:00
986,2.98,2.99,2.98,2.985,1020,2022-06-06 16:18:00
987,2.97,2.99,2.97,2.99,1013,2022-06-06 16:23:00
988,2.985,2.985,2.985,2.985,124,2022-06-06 16:27:00
989,2.985,2.985,2.985,2.985,110,2022-06-06 16:28:00
990,2.99,2.99,2.9792,2.99,800,2022-06-06 16:29:00
991,2.97,2.97,2.97,2.97,700,2022-06-06 16:30:00
992,2.98,2.98,2.98,2.98,200,2022-06-06 16:33:00
993,2.99,2.99,2.99,2.99,330,2022-06-06 16:34:00
994,2.99,2.99,2.9836,2.9836,1541,2022-06-06 16:36:00
995,2.99,2.99,2.99,2.99,110,2022-06-06 16:41:00
996,3.0,3.0,2.99,2.99,400,2022-06-06 16:45:00
997,2.99,2.99,2.99,2.99,100,2022-06-06 16:49:00
998,2.99,2.99,2.99,2.99,100,2022-06-06 16:51:00
999,2.99,2.99,2.99,2.99,3600,2022-06-06 16:53:00
1000,3.0,3.0,3.0,3.0,100,2022-06-06 16:55:00
1001,3.0,3.0,3.0,3.0,100,2022-06-06 16:56:00
1002,3.0,3.0,3.0,3.0,100,2022-06-06 16:57:00
1003,3.0,3.0,3.0,3.0,100,2022-06-06 17:02:00
1004,3.0,3.0,3.0,3.0,900,2022-06-06 17:04:00
1005,2.9819,2.9819,2.9819,2.9819,200,2022-06-06 17:06:00
1006,3.0,3.0,3.0,3.0,200,2022-06-06 17:10:00
1007,2.9986,2.9986,2.9986,2.9986,177,2022-06-06 17:11:00
1008,2.99,2.99,2.99,2.99,100,2022-06-06 17:13:00
1009,3.0,3.0,3.0,3.0,900,2022-06-06 17:18:00
1010,3.0,3.0,3.0,3.0,100,2022-06-06 17:27:00
1011,2.99,2.99,2.99,2.99,100,2022-06-06 17:33:00
1012,3.0,3.0,3.0,3.0,200,2022-06-06 17:37:00
1013,3.0,3.0,3.0,3.0,1057,2022-06-06 17:38:00
1014,3.015,3.02,3.015,3.02,400,2022-06-06 17:40:00
1015,3.01,3.01,3.01,3.01,200,2022-06-06 17:42:00
1016,3.01,3.01,3.01,3.01,443,2022-06-06 17:43:00
1017,3.0,3.01,3.0,3.01,700,2022-06-06 17:44:00
1018,3.01,3.01,3.01,3.01,200,2022-06-06 17:45:00
1019,3.01,3.01,3.0,3.01,400,2022-06-06 17:46:00
1020,3.0,3.0,3.0,3.0,1600,2022-06-06 17:47:00
1021,3.015,3.015,3.015,3.015,300,2022-06-06 17:49:00
1022,3.02,3.02,3.02,3.02,300,2022-06-06 17:52:00
1023,3.02,3.02,3.0,3.0,1500,2022-06-06 17:55:00
1024,3.01,3.01,3.0,3.0,600,2022-06-06 17:56:00
1025,3.005,3.0051,3.005,3.0051,200,2022-06-06 17:58:00
1026,3.0,3.0,3.0,3.0,300,2022-06-06 17:59:00
1027,3.0,3.01,3.0,3.01,1600,2022-06-06 18:00:00
1028,3.01,3.01,3.01,3.01,100,2022-06-06 18:01:00
1029,3.015,3.015,3.015,3.015,100,2022-06-06 18:02:00
1030,3.0,3.0,3.0,3.0,400,2022-06-06 18:07:00
1031,2.995,2.995,2.995,2.995,100,2022-06-06 18:08:00
1032,3.0,3.005,3.0,3.005,400,2022-06-06 18:10:00
1033,3.015,3.015,3.015,3.015,100,2022-06-06 18:13:00
1034,3.015,3.015,3.015,3.015,100,2022-06-06 18:14:00
1035,3.0,3.0,3.0,3.0,500,2022-06-06 18:16:00
1036,3.0,3.0,3.0,3.0,200,2022-06-06 18:17:00
1037,3.0,3.0,3.0,3.0,800,2022-06-06 18:19:00
1038,3.01,3.01,3.01,3.01,300,2022-06-06 18:20:00
1039,3.01,3.01,3.01,3.01,100,2022-06-06 18:22:00
1040,3.0,3.0,3.0,3.0,510,2022-06-06 18:25:00
1041,3.0,3.0,3.0,3.0,100,2022-06-06 18:26:00
1042,3.005,3.005,3.005,3.005,200,2022-06-06 18:32:00
1043,3.015,3.015,3.015,3.015,100,2022-06-06 18:34:00
1044,3.0,3.0,2.99,2.99,980,2022-06-06 18:37:00
1045,2.995,2.995,2.99,2.99,700,2022-06-06 18:38:00
1046,2.99,2.99,2.99,2.99,440,2022-06-06 18:40:00
1047,2.985,2.985,2.985,2.985,100,2022-06-06 18:41:00
1048,2.99,2.995,2.99,2.995,1345,2022-06-06 18:42:00
1049,2.995,2.995,2.995,2.995,100,2022-06-06 18:43:00
1050,3.0,3.0,3.0,3.0,200,2022-06-06 18:44:00
1051,3.0,3.0,2.99,3.0,1200,2022-06-06 18:45:00
1052,2.99,2.99,2.99,2.99,600,2022-06-06 18:49:00
1053,2.99,2.99,2.99,2.99,100,2022-06-06 18:51:00
1054,2.99,2.99,2.98,2.98,1388,2022-06-06 18:52:00
1055,2.9868,2.9868,2.9868,2.9868,200,2022-06-06 18:54:00
1056,2.99,2.99,2.99,2.99,140,2022-06-06 18:55:00
1057,2.99,2.99,2.99,2.99,230,2022-06-06 18:56:00
1058,2.99,2.99,2.99,2.99,1100,2022-06-06 18:57:00
1059,2.995,2.995,2.995,2.995,300,2022-06-06 18:58:00
1060,2.99,2.99,2.9893,2.9893,383,2022-06-06 18:59:00
1061,2.99,2.99,2.99,2.99,160,2022-06-06 19:00:00
1062,2.995,3.0,2.995,3.0,500,2022-06-06 19:01:00
1063,3.0099,3.0099,2.99,3.0,1400,2022-06-06 19:02:00
1064,2.99,2.99,2.99,2.99,910,2022-06-06 19:04:00
1065,2.98,3.0,2.98,3.0,200,2022-06-06 19:05:00
1066,2.98,2.98,2.98,2.98,200,2022-06-06 19:06:00
1067,2.99,2.99,2.98,2.99,477,2022-06-06 19:07:00
1068,2.99,2.99,2.98,2.99,740,2022-06-06 19:08:00
1069,2.99,2.99,2.99,2.99,200,2022-06-06 19:09:00
1070,2.99,3.0,2.99,3.0,3920,2022-06-06 19:10:00
1071,3.005,3.005,3.005,3.005,100,2022-06-06 19:11:00
1072,3.005,3.005,3.005,3.005,300,2022-06-06 19:13:00
1073,3.005,3.005,3.005,3.005,100,2022-06-06 19:14:00
1074,2.99,3.0,2.98,2.99,3410,2022-06-06 19:16:00
1075,2.99,2.99,2.99,2.99,200,2022-06-06 19:17:00
1076,2.98,2.98,2.98,2.98,400,2022-06-06 19:18:00
1077,2.98,2.99,2.98,2.99,1530,2022-06-06 19:19:00
1078,2.99,2.99,2.99,2.99,614,2022-06-06 19:20:00
1079,2.99,2.99,2.99,2.99,530,2022-06-06 19:21:00
1080,2.99,3.0,2.99,3.0,1420,2022-06-06 19:22:00
1081,3.0,3.0,2.99,2.99,600,2022-06-06 19:23:00
1082,2.99,3.0,2.99,3.0,500,2022-06-06 19:24:00
1083,2.995,2.995,2.995,2.995,100,2022-06-06 19:25:00
1084,2.995,2.995,2.995,2.995,100,2022-06-06 19:26:00
1085,2.99,2.99,2.99,2.99,335,2022-06-06 19:27:00
1086,2.99,2.99,2.99,2.99,858,2022-06-06 19:28:00
1087,2.99,2.99,2.99,2.99,840,2022-06-06 19:29:00
1088,2.99,2.99,2.99,2.99,530,2022-06-06 19:30:00
1089,3.0,3.0,3.0,3.0,200,2022-06-06 19:31:00
1090,2.99,3.0,2.99,3.0,700,2022-06-06 19:32:00
1091,3.0,3.0,2.98,2.99,1675,2022-06-06 19:34:00
1092,2.99,2.99,2.99,2.99,590,2022-06-06 19:35:00
1093,2.99,2.99,2.99,2.99,400,2022-06-06 19:36:00
1094,2.99,2.99,2.99,2.99,100,2022-06-06 19:37:00
1095,2.98,2.995,2.98,2.98,600,2022-06-06 19:38:00
1096,3.0,3.0,2.98,3.0,1050,2022-06-06 19:39:00
1097,2.99,2.99,2.99,2.99,200,2022-06-06 19:40:00
1098,2.99,3.0,2.99,2.99,1100,2022-06-06 19:41:00
1099,2.99,3.005,2.99,3.0,999,2022-06-06 19:42:00
1100,3.0,3.0,2.99,2.99,300,2022-06-06 19:43:00
1101,2.99,3.0,2.99,2.99,700,2022-06-06 19:44:00
1102,2.99,3.005,2.99,2.99,1149,2022-06-06 19:45:00
1103,2.99,2.99,2.99,2.99,500,2022-06-06 19:46:00
1104,2.99,3.0,2.99,2.99,1765,2022-06-06 19:47:00
1105,2.99,2.99,2.99,2.99,200,2022-06-06 19:48:00
1106,2.99,3.0,2.99,3.0,1000,2022-06-06 19:49:00
1107,3.0,3.02,3.0,3.02,4704,2022-06-06 19:50:00
1108,3.01,3.01,3.01,3.01,100,2022-06-06 19:51:00
1109,3.01,3.02,3.01,3.01,1093,2022-06-06 19:52:00
1110,3.01,3.02,3.01,3.02,1300,2022-06-06 19:53:00
1111,3.0101,3.03,3.0101,3.03,4300,2022-06-06 19:54:00
1112,3.02,3.03,3.02,3.03,900,2022-06-06 19:55:00
1113,3.03,3.03,3.03,3.03,1200,2022-06-06 19:56:00
1114,3.03,3.03,3.03,3.03,1400,2022-06-06 19:57:00
1115,3.03,3.04,3.03,3.035,1673,2022-06-06 19:58:00
1116,3.035,3.06,3.03,3.06,6787,2022-06-06 19:59:00
1117,3.04,3.04,3.04,3.04,1120,2022-06-06 20:00:00
1118,3.0,3.0,3.0,3.0,100,2022-06-06 23:48:00
1119,3.0,3.0,3.0,3.0,511,2022-06-07 13:30:00
1120,3.045,3.045,3.045,3.045,1750,2022-06-07 13:32:00
1121,3.07,3.1099,3.07,3.1099,5300,2022-06-07 13:42:00
1122,3.1099,3.1099,3.1099,3.1099,200,2022-06-07 13:43:00
1123,3.1099,3.11,3.1099,3.11,6000,2022-06-07 13:45:00
1124,3.125,3.125,3.125,3.125,100,2022-06-07 13:46:00
1125,3.1421,3.1421,3.1421,3.1421,100,2022-06-07 13:47:00
1126,3.1447,3.1447,3.1447,3.1447,300,2022-06-07 13:49:00
1127,3.16,3.19,3.15,3.19,951,2022-06-07 13:51:00
1128,3.185,3.2,3.18,3.18,400,2022-06-07 13:52:00
1129,3.1799,3.1799,3.1799,3.1799,3000,2022-06-07 13:56:00
1130,3.18,3.18,3.18,3.18,400,2022-06-07 13:57:00
1131,3.17,3.2,3.17,3.2,8535,2022-06-07 13:59:00
1132,3.205,3.205,3.205,3.205,100,2022-06-07 14:00:00
1133,3.205,3.205,3.205,3.205,200,2022-06-07 14:01:00
1134,3.2218,3.2218,3.1886,3.1886,1050,2022-06-07 14:02:00
1135,3.19,3.19,3.19,3.19,1100,2022-06-07 14:04:00
1136,3.19,3.19,3.19,3.19,500,2022-06-07 14:09:00
1137,3.17,3.17,3.16,3.16,2500,2022-06-07 14:10:00
1138,3.15,3.15,3.15,3.15,200,2022-06-07 14:11:00
1139,3.15,3.15,3.15,3.15,200,2022-06-07 14:13:00
1140,3.15,3.15,3.14,3.14,300,2022-06-07 14:14:00
1141,3.15,3.15,3.15,3.15,200,2022-06-07 14:15:00
1142,3.15,3.16,3.14,3.16,3906,2022-06-07 14:16:00
1143,3.14,3.159,3.14,3.145,1831,2022-06-07 14:17:00
1144,3.145,3.145,3.145,3.145,200,2022-06-07 14:18:00
1145,3.145,3.145,3.145,3.145,200,2022-06-07 14:19:00
1146,3.1599,3.1599,3.1599,3.1599,200,2022-06-07 14:20:00
1147,3.145,3.145,3.145,3.145,200,2022-06-07 14:21:00
1148,3.145,3.16,3.145,3.145,2000,2022-06-07 14:22:00
1149,3.145,3.145,3.145,3.145,100,2022-06-07 14:24:00
1150,3.1498,3.1498,3.13,3.13,342,2022-06-07 14:25:00
1151,3.135,3.135,3.135,3.135,100,2022-06-07 14:26:00
1152,3.135,3.135,3.135,3.135,100,2022-06-07 14:27:00
1153,3.135,3.135,3.12,3.12,1900,2022-06-07 14:29:00
1154,3.11,3.11,3.11,3.11,350,2022-06-07 14:30:00
1155,3.1001,3.1001,3.1,3.1,1200,2022-06-07 14:31:00
1156,3.09,3.11,3.09,3.1,1795,2022-06-07 14:32:00
1157,3.1,3.1,3.1,3.1,1395,2022-06-07 14:35:00
1158,3.1,3.1,3.1,3.1,100,2022-06-07 14:36:00
1159,3.1,3.1,3.1,3.1,200,2022-06-07 14:37:00
1160,3.1,3.1,3.1,3.1,100,2022-06-07 14:38:00
1161,3.1,3.14,3.1,3.14,2427,2022-06-07 14:39:00
1162,3.155,3.155,3.155,3.155,100,2022-06-07 14:40:00
1163,3.165,3.165,3.165,3.165,3080,2022-06-07 14:41:00
1164,3.16,3.16,3.16,3.16,200,2022-06-07 14:45:00
1165,3.16,3.16,3.16,3.16,200,2022-06-07 14:47:00
1166,3.16,3.16,3.16,3.16,200,2022-06-07 14:50:00
1167,3.16,3.16,3.16,3.16,100,2022-06-07 14:53:00
1168,3.155,3.155,3.155,3.155,100,2022-06-07 14:55:00
1169,3.155,3.155,3.155,3.155,100,2022-06-07 14:56:00
1170,3.155,3.1781,3.155,3.1781,1000,2022-06-07 14:57:00
1171,3.155,3.155,3.155,3.155,100,2022-06-07 14:58:00
1172,3.1839,3.1839,3.1839,3.1839,500,2022-06-07 15:00:00
1173,3.155,3.155,3.155,3.155,100,2022-06-07 15:01:00
1174,3.14,3.145,3.125,3.13,7000,2022-06-07 15:02:00
1175,3.13,3.13,3.1001,3.1001,2300,2022-06-07 15:06:00
1176,3.13,3.13,3.13,3.13,100,2022-06-07 15:09:00
1177,3.13,3.13,3.13,3.13,200,2022-06-07 15:10:00
1178,3.135,3.135,3.135,3.135,100,2022-06-07 15:11:00
1179,3.14,3.14,3.14,3.14,821,2022-06-07 15:13:00
1180,3.13,3.13,3.125,3.125,2673,2022-06-07 15:14:00
1181,3.12,3.12,3.12,3.12,241,2022-06-07 15:16:00
1182,3.11,3.11,3.09,3.09,1274,2022-06-07 15:17:00
1183,3.09,3.09,3.09,3.09,300,2022-06-07 15:18:00
1184,3.0951,3.0951,3.0951,3.0951,450,2022-06-07 15:19:00
1185,3.095,3.095,3.09,3.09,4300,2022-06-07 15:20:00
1186,3.09,3.11,3.09,3.11,1200,2022-06-07 15:22:00
1187,3.1001,3.115,3.1001,3.115,300,2022-06-07 15:23:00
1188,3.1027,3.1027,3.1,3.1,500,2022-06-07 15:24:00
1189,3.115,3.115,3.115,3.115,200,2022-06-07 15:27:00
1190,3.12,3.12,3.12,3.12,100,2022-06-07 15:28:00
1191,3.1285,3.1285,3.12,3.12,1000,2022-06-07 15:29:00
1192,3.12,3.12,3.115,3.115,500,2022-06-07 15:30:00
1193,3.12,3.12,3.1099,3.1099,200,2022-06-07 15:32:00
1194,3.105,3.105,3.105,3.105,300,2022-06-07 15:33:00
1195,3.105,3.105,3.105,3.105,100,2022-06-07 15:34:00
1196,3.1,3.1,3.1,3.1,100,2022-06-07 15:35:00
1197,3.1,3.1,3.1,3.1,100,2022-06-07 15:36:00
1198,3.105,3.105,3.105,3.105,100,2022-06-07 15:38:00
1199,3.105,3.105,3.105,3.105,100,2022-06-07 15:39:00
1200,3.11,3.11,3.11,3.11,100,2022-06-07 15:41:00
1201,3.11,3.11,3.11,3.11,1395,2022-06-07 15:42:00
1202,3.11,3.11,3.11,3.11,342,2022-06-07 15:43:00
1203,3.11,3.11,3.11,3.11,200,2022-06-07 15:46:00
1204,3.11,3.11,3.11,3.11,100,2022-06-07 15:47:00
1205,3.09,3.09,3.09,3.09,409,2022-06-07 15:50:00
1206,3.09,3.09,3.09,3.09,198,2022-06-07 15:52:00
1207,3.0854,3.0854,3.085,3.085,4200,2022-06-07 15:57:00
1208,3.09,3.1,3.09,3.1,2444,2022-06-07 15:58:00
1209,3.1,3.1,3.1,3.1,100,2022-06-07 16:03:00
1210,3.09,3.1,3.09,3.1,200,2022-06-07 16:04:00
1211,3.0967,3.0967,3.0967,3.0967,300,2022-06-07 16:05:00
1212,3.1,3.1,3.1,3.1,300,2022-06-07 16:08:00
1213,3.1,3.1,3.1,3.1,200,2022-06-07 16:10:00
1214,3.1,3.1,3.1,3.1,100,2022-06-07 16:11:00
1215,3.1,3.1,3.1,3.1,100,2022-06-07 16:12:00
1216,3.08,3.08,3.075,3.075,750,2022-06-07 16:16:00
1217,3.0976,3.0976,3.0976,3.0976,100,2022-06-07 16:19:00
1218,3.1,3.1,3.1,3.1,400,2022-06-07 16:28:00
1219,3.08,3.09,3.08,3.09,700,2022-06-07 16:29:00
1220,3.09,3.1,3.09,3.09,972,2022-06-07 16:32:00
1221,3.1,3.1,3.1,3.1,100,2022-06-07 16:49:00
1222,3.0953,3.1,3.0953,3.1,200,2022-06-07 16:55:00
1223,3.1,3.1097,3.1,3.1097,4000,2022-06-07 16:58:00
1224,3.105,3.105,3.105,3.105,730,2022-06-07 16:59:00
1225,3.105,3.105,3.105,3.105,677,2022-06-07 17:00:00
1226,3.105,3.1099,3.1,3.105,6100,2022-06-07 17:01:00
1227,3.105,3.105,3.105,3.105,184,2022-06-07 17:02:00
1228,3.0939,3.0939,3.09,3.09,300,2022-06-07 17:05:00
1229,3.1,3.1,3.1,3.1,200,2022-06-07 17:06:00
1230,3.1,3.1,3.1,3.1,700,2022-06-07 17:08:00
1231,3.1,3.1,3.1,3.1,1200,2022-06-07 17:10:00
1232,3.1,3.1,3.1,3.1,100,2022-06-07 17:12:00
1233,3.1,3.1,3.1,3.1,200,2022-06-07 17:17:00
1234,3.1,3.1,3.1,3.1,100,2022-06-07 17:18:00
1235,3.1,3.1,3.1,3.1,100,2022-06-07 17:22:00
1236,3.09,3.09,3.09,3.09,700,2022-06-07 17:23:00
1237,3.1,3.1,3.1,3.1,100,2022-06-07 17:36:00
1238,3.1,3.1,3.0957,3.1,3092,2022-06-07 17:39:00
1239,3.1,3.1,3.1,3.1,200,2022-06-07 17:44:00
1240,3.095,3.095,3.095,3.095,100,2022-06-07 17:46:00
1241,3.1,3.11,3.1,3.1,1700,2022-06-07 17:50:00
1242,3.1,3.1,3.1,3.1,300,2022-06-07 17:51:00
1243,3.1,3.12,3.1,3.11,6488,2022-06-07 17:52:00
1244,3.125,3.125,3.125,3.125,519,2022-06-07 17:54:00
1245,3.12,3.125,3.12,3.125,1500,2022-06-07 17:55:00
1246,3.14,3.14,3.14,3.14,100,2022-06-07 18:01:00
1247,3.1398,3.14,3.1398,3.14,2100,2022-06-07 18:02:00
1248,3.1278,3.1278,3.1278,3.1278,2000,2022-06-07 18:06:00
1249,3.14,3.19,3.14,3.18,2963,2022-06-07 18:10:00
1250,3.19,3.19,3.19,3.19,100,2022-06-07 18:11:00
1251,3.19,3.19,3.19,3.19,200,2022-06-07 18:15:00
1252,3.185,3.185,3.185,3.185,100,2022-06-07 18:16:00
1253,3.175,3.18,3.175,3.175,5111,2022-06-07 18:17:00
1254,3.175,3.175,3.175,3.175,2427,2022-06-07 18:18:00
1255,3.175,3.175,3.175,3.175,255,2022-06-07 18:19:00
1256,3.175,3.175,3.175,3.175,200,2022-06-07 18:21:00
1257,3.1707,3.1707,3.1707,3.1707,2000,2022-06-07 18:22:00
1258,3.17,3.177,3.17,3.177,1850,2022-06-07 18:25:00
1259,3.165,3.165,3.165,3.165,1474,2022-06-07 18:26:00
1260,3.165,3.165,3.165,3.165,212,2022-06-07 18:27:00
1261,3.165,3.165,3.165,3.165,100,2022-06-07 18:30:00
1262,3.1617,3.1617,3.1617,3.1617,2000,2022-06-07 18:31:00
1263,3.165,3.165,3.165,3.165,100,2022-06-07 18:34:00
1264,3.15,3.15,3.15,3.15,200,2022-06-07 18:35:00
1265,3.155,3.155,3.155,3.155,1100,2022-06-07 18:36:00
1266,3.155,3.155,3.155,3.155,100,2022-06-07 18:37:00
1267,3.145,3.145,3.145,3.145,300,2022-06-07 18:39:00
1268,3.1473,3.1473,3.1473,3.1473,200,2022-06-07 18:41:00
1269,3.145,3.145,3.145,3.145,501,2022-06-07 18:49:00
1270,3.15,3.15,3.15,3.15,100,2022-06-07 18:52:00
1271,3.15,3.15,3.15,3.15,600,2022-06-07 18:54:00
1272,3.15,3.15,3.15,3.15,100,2022-06-07 18:56:00
1273,3.15,3.15,3.15,3.15,100,2022-06-07 18:57:00
1274,3.14,3.14,3.14,3.14,200,2022-06-07 18:59:00
1275,3.14,3.15,3.14,3.15,506,2022-06-07 19:00:00
1276,3.15,3.15,3.15,3.15,100,2022-06-07 19:01:00
1277,3.1599,3.1599,3.15,3.15,1090,2022-06-07 19:05:00
1278,3.155,3.155,3.155,3.155,1416,2022-06-07 19:06:00
1279,3.155,3.155,3.155,3.155,200,2022-06-07 19:07:00
1280,3.155,3.155,3.155,3.155,100,2022-06-07 19:08:00
1281,3.155,3.155,3.155,3.155,100,2022-06-07 19:09:00
1282,3.155,3.155,3.155,3.155,200,2022-06-07 19:10:00
1283,3.15,3.15,3.15,3.15,200,2022-06-07 19:11:00
1284,3.155,3.155,3.155,3.155,100,2022-06-07 19:13:00
1285,3.155,3.155,3.155,3.155,400,2022-06-07 19:16:00
1286,3.155,3.155,3.155,3.155,100,2022-06-07 19:17:00
1287,3.15,3.15,3.15,3.15,100,2022-06-07 19:18:00
1288,3.155,3.165,3.155,3.16,3987,2022-06-07 19:19:00
1289,3.16,3.16,3.16,3.16,750,2022-06-07 19:20:00
1290,3.16,3.16,3.16,3.16,250,2022-06-07 19:21:00
1291,3.16,3.16,3.16,3.16,410,2022-06-07 19:22:00
1292,3.16,3.16,3.16,3.16,300,2022-06-07 19:23:00
1293,3.16,3.16,3.16,3.16,200,2022-06-07 19:28:00
1294,3.16,3.16,3.16,3.16,100,2022-06-07 19:29:00
1295,3.16,3.16,3.16,3.16,300,2022-06-07 19:31:00
1296,3.16,3.16,3.16,3.16,255,2022-06-07 19:32:00
1297,3.16,3.16,3.16,3.16,100,2022-06-07 19:33:00
1298,3.16,3.16,3.16,3.16,200,2022-06-07 19:35:00
1299,3.16,3.16,3.16,3.16,100,2022-06-07 19:36:00
1300,3.16,3.16,3.16,3.16,100,2022-06-07 19:38:00
1301,3.16,3.16,3.16,3.16,100,2022-06-07 19:40:00
1302,3.16,3.16,3.16,3.16,100,2022-06-07 19:41:00
1303,3.16,3.16,3.16,3.16,200,2022-06-07 19:42:00
1304,3.16,3.16,3.155,3.155,600,2022-06-07 19:43:00
1305,3.155,3.155,3.155,3.155,300,2022-06-07 19:45:00
1306,3.1501,3.1501,3.1501,3.1501,100,2022-06-07 19:47:00
1307,3.155,3.1599,3.155,3.155,9400,2022-06-07 19:48:00
1308,3.155,3.155,3.155,3.155,700,2022-06-07 19:49:00
1309,3.155,3.155,3.155,3.155,5472,2022-06-07 19:50:00
1310,3.155,3.155,3.155,3.155,200,2022-06-07 19:51:00
1311,3.155,3.17,3.155,3.17,11834,2022-06-07 19:52:00
1312,3.175,3.175,3.175,3.175,542,2022-06-07 19:53:00
1313,3.175,3.175,3.175,3.175,201,2022-06-07 19:55:00
1314,3.17,3.175,3.17,3.175,200,2022-06-07 19:56:00
1315,3.175,3.175,3.1707,3.1707,600,2022-06-07 19:57:00
1316,3.175,3.175,3.171,3.175,2050,2022-06-07 19:58:00
1317,3.175,3.178,3.17,3.17,2123,2022-06-07 19:59:00
1318,3.175,3.175,3.175,3.175,1061,2022-06-07 20:00:00
1319,3.17,3.17,3.17,3.17,795,2022-06-08 13:30:00
1320,3.17,3.17,3.17,3.17,100,2022-06-08 13:31:00
1321,3.22,3.25,3.2187,3.2499,800,2022-06-08 13:35:00
1322,3.28,3.28,3.28,3.28,100,2022-06-08 13:36:00
1323,3.2748,3.33,3.2748,3.31,1800,2022-06-08 13:39:00
1324,3.3,3.3,3.3,3.3,100,2022-06-08 13:40:00
1325,3.29,3.29,3.29,3.29,424,2022-06-08 13:41:00
1326,3.29,3.29,3.29,3.29,200,2022-06-08 13:43:00
1327,3.27,3.27,3.27,3.27,280,2022-06-08 13:45:00
1328,3.27,3.27,3.27,3.27,100,2022-06-08 13:46:00
1329,3.26,3.28,3.26,3.28,721,2022-06-08 13:49:00
1330,3.3098,3.32,3.3098,3.32,2312,2022-06-08 13:51:00
1331,3.305,3.305,3.305,3.305,2000,2022-06-08 13:52:00
1332,3.32,3.32,3.32,3.32,700,2022-06-08 13:54:00
1333,3.3313,3.3313,3.3313,3.3313,250,2022-06-08 13:55:00
1334,3.33,3.33,3.325,3.325,5523,2022-06-08 13:57:00
1335,3.31,3.32,3.29,3.31,1245,2022-06-08 14:00:00
1336,3.286,3.286,3.286,3.286,2500,2022-06-08 14:02:00
1337,3.27,3.28,3.27,3.28,1800,2022-06-08 14:03:00
1338,3.285,3.2893,3.285,3.285,6062,2022-06-08 14:06:00
1339,3.285,3.285,3.285,3.285,5500,2022-06-08 14:07:00
1340,3.2782,3.2782,3.2782,3.2782,100,2022-06-08 14:08:00
1341,3.2729,3.2729,3.2729,3.2729,400,2022-06-08 14:11:00
1342,3.27,3.28,3.27,3.27,1432,2022-06-08 14:13:00
1343,3.2601,3.2601,3.2552,3.2552,751,2022-06-08 14:15:00
1344,3.23,3.238,3.23,3.238,200,2022-06-08 14:20:00
1345,3.2323,3.2323,3.2323,3.2323,100,2022-06-08 14:21:00
1346,3.23,3.24,3.23,3.23,3100,2022-06-08 14:22:00
1347,3.23,3.23,3.23,3.23,100,2022-06-08 14:23:00
1348,3.22,3.22,3.21,3.21,536,2022-06-08 14:29:00
1349,3.205,3.21,3.205,3.21,400,2022-06-08 14:31:00
1350,3.21,3.21,3.21,3.21,400,2022-06-08 14:33:00
1351,3.21,3.21,3.21,3.21,100,2022-06-08 14:34:00
1352,3.21,3.21,3.21,3.21,200,2022-06-08 14:35:00
1353,3.21,3.2131,3.21,3.21,3606,2022-06-08 14:36:00
1354,3.21,3.21,3.21,3.21,900,2022-06-08 14:37:00
1355,3.2199,3.2199,3.21,3.21,600,2022-06-08 14:40:00
1356,3.21,3.21,3.21,3.21,1800,2022-06-08 14:42:00
1357,3.21,3.21,3.21,3.21,100,2022-06-08 14:43:00
1358,3.2,3.2,3.2,3.2,4068,2022-06-08 14:45:00
1359,3.18,3.18,3.18,3.18,300,2022-06-08 14:56:00
1360,3.17,3.17,3.17,3.17,995,2022-06-08 15:00:00
1361,3.1759,3.1759,3.1759,3.1759,200,2022-06-08 15:02:00
1362,3.16,3.16,3.135,3.14,1000,2022-06-08 15:04:00
1363,3.16,3.18,3.16,3.18,400,2022-06-08 15:06:00
1364,3.19,3.19,3.18,3.18,6893,2022-06-08 15:14:00
1365,3.1899,3.1899,3.181,3.181,1200,2022-06-08 15:15:00
1366,3.19,3.19,3.19,3.19,20868,2022-06-08 15:18:00
1367,3.2,3.2,3.2,3.2,100,2022-06-08 15:21:00
1368,3.2,3.2,3.2,3.2,100,2022-06-08 15:36:00
1369,3.215,3.23,3.2,3.2,3600,2022-06-08 15:52:00
1370,3.21,3.21,3.21,3.21,100,2022-06-08 16:08:00
1371,3.22,3.22,3.22,3.22,200,2022-06-08 16:09:00
1372,3.215,3.215,3.215,3.215,200,2022-06-08 16:12:00
1373,3.215,3.23,3.2,3.2,3142,2022-06-08 16:15:00
1374,3.2,3.2,3.2,3.2,400,2022-06-08 16:18:00
1375,3.18,3.18,3.18,3.18,100,2022-06-08 16:21:00
1376,3.19,3.19,3.19,3.19,200,2022-06-08 16:24:00
1377,3.21,3.21,3.21,3.21,400,2022-06-08 16:33:00
1378,3.17,3.17,3.17,3.17,300,2022-06-08 16:45:00
1379,3.2,3.2,3.2,3.2,816,2022-06-08 16:46:00
1380,3.18,3.18,3.18,3.18,200,2022-06-08 16:52:00
1381,3.185,3.185,3.18,3.18,600,2022-06-08 16:59:00
1382,3.18,3.18,3.18,3.18,100,2022-06-08 17:00:00
1383,3.17,3.18,3.16,3.16,2753,2022-06-08 17:02:00
1384,3.1799,3.1799,3.1799,3.1799,5000,2022-06-08 17:06:00
1385,3.175,3.21,3.175,3.2,16100,2022-06-08 17:08:00
1386,3.205,3.22,3.2,3.22,2600,2022-06-08 17:18:00
1387,3.19,3.19,3.19,3.19,100,2022-06-08 17:19:00
1388,3.2,3.2,3.2,3.2,100,2022-06-08 17:35:00
1389,3.18,3.18,3.18,3.18,200,2022-06-08 17:37:00
1390,3.19,3.19,3.19,3.19,100,2022-06-08 17:38:00
1391,3.2,3.2,3.17,3.18,600,2022-06-08 17:39:00
1392,3.19,3.19,3.19,3.19,200,2022-06-08 17:45:00
1393,3.1701,3.1884,3.17,3.17,1200,2022-06-08 17:59:00
1394,3.17,3.17,3.17,3.17,300,2022-06-08 18:00:00
1395,3.17,3.17,3.17,3.17,100,2022-06-08 18:08:00
1396,3.19,3.2,3.19,3.2,600,2022-06-08 18:14:00
1397,3.18,3.18,3.17,3.17,650,2022-06-08 18:20:00
1398,3.1501,3.1501,3.15,3.15,1665,2022-06-08 18:23:00
1399,3.1319,3.1319,3.1319,3.1319,260,2022-06-08 18:27:00
1400,3.13,3.13,3.12,3.12,4600,2022-06-08 18:28:00
1401,3.12,3.1211,3.12,3.1211,9210,2022-06-08 18:29:00
1402,3.13,3.14,3.12,3.12,773,2022-06-08 18:31:00
1403,3.12,3.12,3.12,3.12,8077,2022-06-08 18:35:00
1404,3.13,3.13,3.13,3.13,285,2022-06-08 18:39:00
1405,3.122,3.122,3.122,3.122,100,2022-06-08 18:40:00
1406,3.12,3.14,3.12,3.14,326,2022-06-08 18:41:00
1407,3.13,3.13,3.13,3.13,100,2022-06-08 18:43:00
1408,3.12,3.12,3.12,3.12,241,2022-06-08 18:45:00
1409,3.12,3.12,3.12,3.12,176,2022-06-08 18:49:00
1410,3.13,3.13,3.13,3.13,100,2022-06-08 18:53:00
1411,3.13,3.13,3.13,3.13,300,2022-06-08 18:54:00
1412,3.14,3.14,3.14,3.14,100,2022-06-08 18:59:00
1413,3.14,3.14,3.14,3.14,1200,2022-06-08 19:01:00
1414,3.15,3.15,3.15,3.15,100,2022-06-08 19:02:00
1415,3.15,3.15,3.15,3.15,100,2022-06-08 19:05:00
1416,3.14,3.14,3.14,3.14,100,2022-06-08 19:14:00
1417,3.18,3.18,3.16,3.16,617,2022-06-08 19:21:00
1418,3.175,3.175,3.175,3.175,100,2022-06-08 19:22:00
1419,3.175,3.175,3.175,3.175,100,2022-06-08 19:27:00
1420,3.18,3.18,3.14,3.14,7099,2022-06-08 19:36:00
1421,3.17,3.17,3.17,3.17,100,2022-06-08 19:37:00
1422,3.17,3.17,3.17,3.17,200,2022-06-08 19:42:00
1423,3.165,3.165,3.165,3.165,100,2022-06-08 19:45:00
1424,3.16,3.16,3.16,3.16,1500,2022-06-08 19:48:00
1425,3.18,3.18,3.18,3.18,100,2022-06-08 19:49:00
1426,3.19,3.19,3.1709,3.1709,600,2022-06-08 19:51:00
1427,3.17,3.17,3.16,3.16,1198,2022-06-08 19:53:00
1428,3.16,3.1699,3.15,3.1518,1925,2022-06-08 19:54:00
1429,3.15,3.155,3.14,3.15,1700,2022-06-08 19:55:00
1430,3.155,3.155,3.14,3.14,1385,2022-06-08 19:56:00
1431,3.14,3.14,3.13,3.13,570,2022-06-08 19:57:00
1432,3.13,3.13,3.13,3.13,301,2022-06-08 19:58:00
1433,3.13,3.165,3.13,3.165,15125,2022-06-08 19:59:00
1434,3.16,3.16,3.16,3.16,1044,2022-06-08 20:00:00
1435,3.11,3.11,3.11,3.11,506,2022-06-09 13:30:00
1436,3.0101,3.02,3.0101,3.02,7450,2022-06-09 13:33:00
1437,3.092,3.092,3.092,3.092,100,2022-06-09 13:36:00
1438,3.0444,3.0444,3.0444,3.0444,800,2022-06-09 13:43:00
1439,3.04,3.04,3.04,3.04,100,2022-06-09 13:47:00
1440,3.1,3.1,3.1,3.1,700,2022-06-09 13:48:00
1441,3.1,3.1,3.1,3.1,200,2022-06-09 13:49:00
1442,3.099,3.099,3.099,3.099,100,2022-06-09 13:51:00
1443,3.11,3.11,3.11,3.11,1000,2022-06-09 13:52:00
1444,3.07,3.07,3.07,3.07,100,2022-06-09 14:15:00
1445,3.05,3.05,3.05,3.05,100,2022-06-09 14:32:00
1446,3.0501,3.0501,3.0501,3.0501,6500,2022-06-09 14:35:00
1447,3.0501,3.0501,3.0501,3.0501,300,2022-06-09 14:40:00
1448,3.05,3.058,3.02,3.02,8600,2022-06-09 14:41:00
1449,3.0,3.0002,2.95,2.98,16624,2022-06-09 14:44:00
1450,2.97,2.98,2.965,2.98,747,2022-06-09 14:45:00
1451,2.95,2.95,2.95,2.95,100,2022-06-09 14:51:00
1452,2.9585,2.9585,2.9585,2.9585,500,2022-06-09 14:52:00
1453,2.95,2.95,2.95,2.95,172,2022-06-09 14:57:00
1454,2.958,2.958,2.958,2.958,100,2022-06-09 14:58:00
1455,2.96,2.97,2.96,2.97,942,2022-06-09 14:59:00
1456,2.97,2.97,2.97,2.97,100,2022-06-09 15:00:00
1457,2.97,3.0,2.97,3.0,4800,2022-06-09 15:02:00
1458,2.9956,2.9956,2.9956,2.9956,200,2022-06-09 15:19:00
1459,3.0,3.05,3.0,3.05,21508,2022-06-09 15:22:00
1460,3.0415,3.0415,3.0415,3.0415,200,2022-06-09 15:27:00
1461,3.0831,3.0831,3.0831,3.0831,2000,2022-06-09 15:28:00
1462,3.04,3.04,3.04,3.04,500,2022-06-09 15:50:00
1463,3.055,3.055,3.055,3.055,650,2022-06-09 15:51:00
1464,3.05,3.05,3.0401,3.0401,1787,2022-06-09 15:53:00
1465,3.07,3.07,3.07,3.07,100,2022-06-09 15:57:00
1466,3.07,3.11,3.07,3.095,5520,2022-06-09 16:06:00
1467,3.11,3.11,3.1,3.1,646,2022-06-09 16:07:00
1468,3.09,3.09,3.09,3.09,300,2022-06-09 16:11:00
1469,3.0701,3.0701,3.0701,3.0701,250,2022-06-09 16:17:00
1470,3.09,3.09,3.09,3.09,250,2022-06-09 16:18:00
1471,3.08,3.08,3.08,3.08,7500,2022-06-09 16:26:00
1472,3.09,3.09,3.09,3.09,100,2022-06-09 16:27:00
1473,3.08,3.08,3.08,3.08,516,2022-06-09 16:33:00
1474,3.09,3.1,3.0875,3.1,1380,2022-06-09 16:41:00
1475,3.11,3.11,3.1,3.11,3808,2022-06-09 16:43:00
1476,3.11,3.11,3.11,3.11,722,2022-06-09 16:44:00
1477,3.12,3.12,3.12,3.12,400,2022-06-09 16:47:00
1478,3.125,3.13,3.125,3.13,1700,2022-06-09 16:50:00
1479,3.13,3.13,3.13,3.13,100,2022-06-09 16:51:00
1480,3.1215,3.1215,3.1201,3.1201,1349,2022-06-09 16:54:00
1481,3.12,3.12,3.09,3.09,4661,2022-06-09 17:03:00
1482,3.09,3.09,3.035,3.04,4411,2022-06-09 17:16:00
1483,3.07,3.07,3.07,3.07,500,2022-06-09 17:17:00
1484,3.07,3.07,3.07,3.07,3000,2022-06-09 17:24:00
1485,3.04,3.04,3.04,3.04,100,2022-06-09 17:33:00
1486,3.04,3.04,3.04,3.04,100,2022-06-09 17:34:00
1487,3.04,3.04,3.04,3.04,250,2022-06-09 17:40:00
1488,3.03,3.0377,3.03,3.0377,1000,2022-06-09 17:41:00
1489,3.025,3.025,3.025,3.025,100,2022-06-09 17:50:00
1490,3.025,3.025,3.02,3.02,500,2022-06-09 17:51:00
1491,3.02,3.02,3.02,3.02,165,2022-06-09 17:52:00
1492,3.025,3.025,3.025,3.025,300,2022-06-09 17:57:00
1493,3.03,3.03,3.02,3.02,2997,2022-06-09 18:06:00
1494,3.03,3.03,3.02,3.025,874,2022-06-09 18:07:00
1495,3.02,3.02,3.02,3.02,100,2022-06-09 18:13:00
1496,3.01,3.01,3.01,3.01,100,2022-06-09 18:18:00
1497,3.01,3.01,3.01,3.01,250,2022-06-09 18:21:00
1498,3.0127,3.0127,3.0,3.0,1228,2022-06-09 18:24:00
1499,3.0,3.0,3.0,3.0,392,2022-06-09 18:26:00
1500,3.0,3.0,3.0,3.0,100,2022-06-09 18:27:00
1501,3.0,3.0,3.0,3.0,182,2022-06-09 18:28:00
1502,3.0,3.0,3.0,3.0,300,2022-06-09 18:39:00
1503,3.005,3.005,3.005,3.005,400,2022-06-09 18:40:00
1504,3.005,3.005,3.005,3.005,200,2022-06-09 18:41:00
1505,3.01,3.01,3.01,3.01,270,2022-06-09 18:46:00
1506,3.01,3.01,3.01,3.01,260,2022-06-09 18:47:00
1507,3.01,3.01,3.01,3.01,240,2022-06-09 18:50:00
1508,3.005,3.005,3.005,3.005,300,2022-06-09 18:54:00
1509,3.005,3.005,3.005,3.005,300,2022-06-09 19:01:00
1510,3.0,3.0,3.0,3.0,1028,2022-06-09 19:05:00
1511,3.0,3.0,3.0,3.0,100,2022-06-09 19:16:00
1512,2.9901,2.9901,2.99,2.99,1000,2022-06-09 19:18:00
1513,3.0,3.0,3.0,3.0,500,2022-06-09 19:22:00
1514,2.9992,2.9992,2.9992,2.9992,200,2022-06-09 19:30:00
1515,2.985,2.985,2.985,2.985,600,2022-06-09 19:37:00
1516,2.97,2.97,2.97,2.97,445,2022-06-09 19:38:00
1517,2.98,2.98,2.98,2.98,200,2022-06-09 19:42:00
1518,2.985,2.985,2.985,2.985,200,2022-06-09 19:43:00
1519,2.98,2.99,2.98,2.99,900,2022-06-09 19:50:00
1520,2.99,2.99,2.99,2.99,600,2022-06-09 19:51:00
1521,2.99,2.99,2.99,2.99,200,2022-06-09 19:53:00
1522,3.0,3.0,3.0,3.0,200,2022-06-09 19:55:00
1523,2.995,2.995,2.995,2.995,300,2022-06-09 19:56:00
1524,2.9901,2.9901,2.975,2.975,1200,2022-06-09 19:57:00
1525,2.9701,2.98,2.97,2.98,3030,2022-06-09 19:58:00
1526,2.98,2.98,2.97,2.97,3640,2022-06-09 19:59:00
1527,2.97,2.97,2.97,2.97,616,2022-06-09 20:00:00
1528,2.9,2.9,2.9,2.9,510,2022-06-10 13:09:00
1529,2.9,2.9,2.9,2.9,200,2022-06-10 13:12:00
1530,2.86,2.86,2.85,2.86,1113,2022-06-10 13:14:00
1531,2.86,2.98,2.86,2.86,4460,2022-06-10 13:25:00
1532,2.86,2.86,2.86,2.86,3726,2022-06-10 13:27:00
1533,2.9,2.97,2.9,2.97,6551,2022-06-10 13:30:00
1534,2.92,2.9212,2.89,2.89,18352,2022-06-10 13:34:00
1535,2.885,2.885,2.885,2.885,800,2022-06-10 13:35:00
1536,2.87,2.875,2.87,2.87,730,2022-06-10 13:38:00
1537,2.87,2.87,2.87,2.87,442,2022-06-10 13:39:00
1538,2.92,2.92,2.92,2.92,200,2022-06-10 13:40:00
1539,2.9299,2.9299,2.9,2.9,400,2022-06-10 13:42:00
1540,2.9127,2.9127,2.91,2.91,3000,2022-06-10 13:44:00
1541,2.905,2.905,2.8944,2.8944,400,2022-06-10 13:46:00
1542,2.89,2.9,2.88,2.8928,3000,2022-06-10 13:47:00
1543,2.9,2.9,2.88,2.88,200,2022-06-10 13:50:00
1544,2.86,2.86,2.86,2.86,160,2022-06-10 13:56:00
1545,2.8599,2.8599,2.8201,2.8201,6400,2022-06-10 13:57:00
1546,2.8599,2.8599,2.8599,2.8599,200,2022-06-10 13:58:00
1547,2.8101,2.8473,2.8101,2.8473,1300,2022-06-10 13:59:00
1548,2.8371,2.8371,2.8371,2.8371,200,2022-06-10 14:00:00
1549,2.81,2.81,2.81,2.81,100,2022-06-10 14:02:00
1550,2.8195,2.8195,2.8195,2.8195,1100,2022-06-10 14:07:00
1551,2.7801,2.792,2.7801,2.792,1500,2022-06-10 14:09:00
1552,2.7801,2.7801,2.75,2.78,11826,2022-06-10 14:10:00
1553,2.78,2.79,2.775,2.79,1856,2022-06-10 14:12:00
1554,2.78,2.78,2.775,2.775,3099,2022-06-10 14:13:00
1555,2.775,2.775,2.7601,2.7601,5000,2022-06-10 14:14:00
1556,2.7811,2.79,2.7811,2.79,400,2022-06-10 14:15:00
1557,2.79,2.79,2.79,2.79,1144,2022-06-10 14:22:00
1558,2.81,2.81,2.81,2.81,100,2022-06-10 14:25:00
1559,2.81,2.81,2.81,2.81,200,2022-06-10 14:32:00
1560,2.83,2.83,2.82,2.82,5000,2022-06-10 14:38:00
1561,2.815,2.815,2.815,2.815,500,2022-06-10 14:46:00
1562,2.8,2.8,2.795,2.795,2254,2022-06-10 14:49:00
1563,2.82,2.83,2.82,2.83,10086,2022-06-10 14:51:00
1564,2.8301,2.8301,2.8301,2.8301,4000,2022-06-10 14:53:00
1565,2.84,2.84,2.84,2.84,2000,2022-06-10 14:55:00
1566,2.85,2.85,2.85,2.85,800,2022-06-10 14:56:00
1567,2.83,2.83,2.83,2.83,301,2022-06-10 15:01:00
1568,2.81,2.81,2.8,2.8,6571,2022-06-10 15:13:00
1569,2.8005,2.8005,2.7701,2.7701,375,2022-06-10 15:18:00
1570,2.8053,2.8053,2.8053,2.8053,1000,2022-06-10 15:20:00
1571,2.7801,2.7801,2.7801,2.7801,200,2022-06-10 15:23:00
1572,2.8,2.8,2.8,2.8,1000,2022-06-10 15:29:00
1573,2.82,2.82,2.78,2.78,756,2022-06-10 15:36:00
1574,2.78,2.8,2.78,2.8,200,2022-06-10 15:37:00
1575,2.8,2.8,2.8,2.8,300,2022-06-10 15:58:00
1576,2.795,2.795,2.795,2.795,240,2022-06-10 16:14:00
1577,2.8,2.8,2.8,2.8,300,2022-06-10 16:15:00
1578,2.8,2.8,2.8,2.8,400,2022-06-10 16:16:00
1579,2.8,2.8,2.8,2.8,103,2022-06-10 16:32:00
1580,2.795,2.8095,2.795,2.795,1320,2022-06-10 16:37:00
1581,2.785,2.8,2.785,2.8,600,2022-06-10 16:41:00
1582,2.785,2.785,2.785,2.785,300,2022-06-10 16:47:00
1583,2.78,2.78,2.78,2.78,200,2022-06-10 16:51:00
1584,2.77,2.77,2.76,2.76,226,2022-06-10 16:53:00
1585,2.78,2.78,2.78,2.78,100,2022-06-10 16:54:00
1586,2.77,2.78,2.77,2.77,500,2022-06-10 17:04:00
1587,2.766,2.766,2.766,2.766,100,2022-06-10 17:12:00
1588,2.77,2.77,2.77,2.77,100,2022-06-10 17:14:00
1589,2.77,2.78,2.77,2.77,8743,2022-06-10 17:25:00
1590,2.7601,2.7601,2.7601,2.7601,4000,2022-06-10 17:32:00
1591,2.7728,2.7728,2.7728,2.7728,1500,2022-06-10 17:33:00
1592,2.78,2.78,2.78,2.78,200,2022-06-10 17:34:00
1593,2.7838,2.7838,2.7838,2.7838,200,2022-06-10 17:39:00
1594,2.81,2.81,2.81,2.81,300,2022-06-10 17:50:00
1595,2.81,2.81,2.81,2.81,200,2022-06-10 17:51:00
1596,2.81,2.81,2.81,2.81,100,2022-06-10 18:17:00
1597,2.8051,2.8051,2.8051,2.8051,500,2022-06-10 18:18:00
1598,2.8008,2.8008,2.8,2.8,800,2022-06-10 18:26:00
1599,2.79,2.79,2.79,2.79,100,2022-06-10 18:28:00
1600,2.78,2.78,2.78,2.78,100,2022-06-10 18:39:00
1601,2.78,2.78,2.78,2.78,100,2022-06-10 18:41:00
1602,2.77,2.77,2.77,2.77,100,2022-06-10 18:44:00
1603,2.77,2.77,2.77,2.77,400,2022-06-10 18:48:00
1604,2.78,2.81,2.78,2.81,700,2022-06-10 18:59:00
1605,2.78,2.79,2.78,2.79,400,2022-06-10 19:03:00
1606,2.78,2.78,2.78,2.78,200,2022-06-10 19:05:00
1607,2.78,2.78,2.78,2.78,100,2022-06-10 19:06:00
1608,2.78,2.78,2.78,2.78,400,2022-06-10 19:14:00
1609,2.79,2.81,2.79,2.8,1200,2022-06-10 19:27:00
1610,2.8099,2.8099,2.8099,2.8099,2000,2022-06-10 19:28:00
1611,2.8,2.8,2.8,2.8,100,2022-06-10 19:31:00
1612,2.79,2.79,2.78,2.78,1320,2022-06-10 19:35:00
1613,2.781,2.781,2.781,2.781,201,2022-06-10 19:36:00
1614,2.7801,2.7801,2.7801,2.7801,2100,2022-06-10 19:39:00
1615,2.79,2.79,2.79,2.79,100,2022-06-10 19:40:00
1616,2.79,2.79,2.79,2.79,100,2022-06-10 19:42:00
1617,2.785,2.785,2.785,2.785,100,2022-06-10 19:44:00
1618,2.78,2.79,2.78,2.79,2070,2022-06-10 19:49:00
1619,2.78,2.78,2.78,2.78,100,2022-06-10 19:50:00
1620,2.77,2.77,2.76,2.76,5212,2022-06-10 19:51:00
1621,2.7647,2.7647,2.7626,2.7626,400,2022-06-10 19:54:00
1622,2.76,2.78,2.76,2.78,3718,2022-06-10 19:55:00
1623,2.77,2.78,2.76,2.77,1000,2022-06-10 19:59:00
1624,2.76,2.76,2.76,2.76,2761,2022-06-10 20:00:00
1625,2.7501,2.7501,2.7501,2.7501,700,2022-06-10 21:07:00
1626,2.75,2.75,2.75,2.75,200,2022-06-10 21:41:00
1627,2.75,2.75,2.75,2.75,800,2022-06-10 21:50:00
