,open,high,low,close,volume,datetime
0,2.25,2.25,2.25,2.25,100,2022-05-27 11:00:00
1,2.43,2.43,2.43,2.43,950,2022-05-27 12:39:00
2,2.29,2.29,2.29,2.29,105,2022-05-27 13:11:00
3,2.28,2.28,2.28,2.28,100,2022-05-27 13:29:00
4,2.18,2.2333,2.18,2.22,26344,2022-05-27 13:30:00
5,2.2399,2.28,2.2399,2.28,9588,2022-05-27 13:31:00
6,2.27,2.28,2.26,2.26,10161,2022-05-27 13:32:00
7,2.26,2.26,2.256,2.26,3302,2022-05-27 13:33:00
8,2.26,2.26,2.24,2.24,6660,2022-05-27 13:34:00
9,2.25,2.25,2.235,2.235,1300,2022-05-27 13:35:00
10,2.24,2.26,2.24,2.24,8261,2022-05-27 13:36:00
11,2.24,2.24,2.23,2.235,1300,2022-05-27 13:37:00
12,2.236,2.236,2.235,2.235,1100,2022-05-27 13:38:00
13,2.23,2.23,2.22,2.225,1757,2022-05-27 13:39:00
14,2.22,2.24,2.22,2.24,2620,2022-05-27 13:40:00
15,2.25,2.26,2.25,2.255,8500,2022-05-27 13:41:00
16,2.2517,2.255,2.24,2.24,3191,2022-05-27 13:42:00
17,2.25,2.25,2.24,2.24,2300,2022-05-27 13:43:00
18,2.245,2.245,2.22,2.23,7410,2022-05-27 13:44:00
19,2.23,2.235,2.23,2.235,1161,2022-05-27 13:45:00
20,2.23,2.23,2.225,2.23,1300,2022-05-27 13:46:00
21,2.23,2.25,2.23,2.25,2000,2022-05-27 13:47:00
22,2.25,2.25,2.25,2.25,5751,2022-05-27 13:48:00
23,2.26,2.26,2.25,2.25,500,2022-05-27 13:49:00
24,2.2499,2.268,2.2474,2.268,3126,2022-05-27 13:50:00
25,2.26,2.26,2.255,2.255,1000,2022-05-27 13:51:00
26,2.26,2.265,2.26,2.26,1100,2022-05-27 13:52:00
27,2.2548,2.265,2.2518,2.265,900,2022-05-27 13:53:00
28,2.27,2.275,2.26,2.26,5263,2022-05-27 13:54:00
29,2.26,2.265,2.26,2.26,4323,2022-05-27 13:55:00
30,2.265,2.265,2.265,2.265,100,2022-05-27 13:56:00
31,2.27,2.27,2.2677,2.2677,200,2022-05-27 13:57:00
32,2.27,2.28,2.27,2.28,1419,2022-05-27 13:58:00
33,2.275,2.28,2.2739,2.28,900,2022-05-27 13:59:00
34,2.275,2.275,2.27,2.27,1600,2022-05-27 14:00:00
35,2.265,2.265,2.25,2.252,3200,2022-05-27 14:01:00
36,2.25,2.25,2.25,2.25,4100,2022-05-27 14:02:00
37,2.25,2.26,2.25,2.26,300,2022-05-27 14:03:00
38,2.255,2.255,2.25,2.255,1083,2022-05-27 14:04:00
39,2.2521,2.265,2.2521,2.265,1700,2022-05-27 14:05:00
40,2.265,2.265,2.25,2.25,50737,2022-05-27 14:06:00
41,2.26,2.26,2.25,2.25,14925,2022-05-27 14:07:00
42,2.25,2.255,2.245,2.25,49632,2022-05-27 14:08:00
43,2.24,2.245,2.24,2.245,5200,2022-05-27 14:09:00
44,2.25,2.25,2.245,2.245,8984,2022-05-27 14:10:00
45,2.24,2.255,2.24,2.255,20559,2022-05-27 14:11:00
46,2.26,2.26,2.25,2.255,400,2022-05-27 14:12:00
47,2.26,2.26,2.26,2.26,200,2022-05-27 14:13:00
48,2.255,2.258,2.25,2.25,19140,2022-05-27 14:14:00
49,2.25,2.25,2.25,2.25,100,2022-05-27 14:15:00
50,2.25,2.26,2.25,2.26,300,2022-05-27 14:16:00
51,2.25,2.26,2.25,2.25,400,2022-05-27 14:17:00
52,2.25,2.255,2.25,2.25,2349,2022-05-27 14:18:00
53,2.255,2.255,2.255,2.255,200,2022-05-27 14:19:00
54,2.255,2.26,2.25,2.26,700,2022-05-27 14:20:00
55,2.255,2.255,2.25,2.25,200,2022-05-27 14:21:00
56,2.26,2.26,2.25,2.25,300,2022-05-27 14:22:00
57,2.25,2.26,2.25,2.25,700,2022-05-27 14:23:00
58,2.2599,2.28,2.255,2.28,14883,2022-05-27 14:24:00
59,2.2733,2.29,2.2733,2.29,2497,2022-05-27 14:25:00
60,2.29,2.29,2.29,2.29,600,2022-05-27 14:26:00
61,2.3,2.305,2.3,2.305,400,2022-05-27 14:27:00
62,2.305,2.305,2.305,2.305,200,2022-05-27 14:28:00
63,2.31,2.31,2.3,2.3094,300,2022-05-27 14:29:00
64,2.31,2.32,2.31,2.32,2438,2022-05-27 14:32:00
65,2.32,2.32,2.31,2.31,200,2022-05-27 14:33:00
66,2.3162,2.3162,2.3162,2.3162,200,2022-05-27 14:34:00
67,2.32,2.32,2.32,2.32,1800,2022-05-27 14:35:00
68,2.325,2.33,2.325,2.3299,600,2022-05-27 14:37:00
69,2.325,2.325,2.321,2.321,599,2022-05-27 14:38:00
70,2.325,2.33,2.32,2.33,9219,2022-05-27 14:39:00
71,2.325,2.325,2.32,2.32,300,2022-05-27 14:40:00
72,2.325,2.325,2.31,2.31,4294,2022-05-27 14:41:00
73,2.31,2.3199,2.3,2.31,4775,2022-05-27 14:42:00
74,2.3,2.3,2.3,2.3,100,2022-05-27 14:43:00
75,2.3,2.305,2.295,2.305,9996,2022-05-27 14:44:00
76,2.3099,2.31,2.3099,2.31,317,2022-05-27 14:45:00
77,2.305,2.305,2.29,2.295,10056,2022-05-27 14:46:00
78,2.29,2.29,2.29,2.29,12038,2022-05-27 14:47:00
79,2.29,2.295,2.29,2.295,3383,2022-05-27 14:48:00
80,2.295,2.295,2.29,2.29,230,2022-05-27 14:51:00
81,2.29,2.2901,2.285,2.285,5165,2022-05-27 14:52:00
82,2.285,2.285,2.28,2.28,400,2022-05-27 14:53:00
83,2.28,2.28,2.28,2.28,200,2022-05-27 14:54:00
84,2.28,2.285,2.28,2.28,1000,2022-05-27 14:55:00
85,2.28,2.28,2.27,2.27,4199,2022-05-27 14:56:00
86,2.27,2.27,2.27,2.27,300,2022-05-27 14:57:00
87,2.27,2.27,2.27,2.27,100,2022-05-27 14:58:00
88,2.27,2.27,2.27,2.27,200,2022-05-27 14:59:00
89,2.27,2.27,2.265,2.265,3297,2022-05-27 15:01:00
90,2.26,2.26,2.245,2.255,39067,2022-05-27 15:03:00
91,2.26,2.26,2.26,2.26,1000,2022-05-27 15:04:00
92,2.27,2.275,2.27,2.275,3419,2022-05-27 15:06:00
93,2.27,2.27,2.27,2.27,100,2022-05-27 15:08:00
94,2.275,2.275,2.275,2.275,100,2022-05-27 15:10:00
95,2.275,2.275,2.275,2.275,100,2022-05-27 15:11:00
96,2.275,2.275,2.275,2.275,600,2022-05-27 15:12:00
97,2.27,2.275,2.27,2.275,200,2022-05-27 15:13:00
98,2.275,2.275,2.275,2.275,100,2022-05-27 15:14:00
99,2.275,2.275,2.275,2.275,100,2022-05-27 15:15:00
100,2.28,2.28,2.28,2.28,200,2022-05-27 15:16:00
101,2.28,2.3,2.28,2.295,12464,2022-05-27 15:17:00
102,2.29,2.29,2.28,2.29,10712,2022-05-27 15:18:00
103,2.29,2.29,2.29,2.29,200,2022-05-27 15:21:00
104,2.29,2.295,2.29,2.295,1300,2022-05-27 15:22:00
105,2.3,2.3,2.295,2.3,2900,2022-05-27 15:23:00
106,2.2936,2.295,2.2936,2.295,350,2022-05-27 15:25:00
107,2.29,2.29,2.29,2.29,325,2022-05-27 15:26:00
108,2.295,2.295,2.295,2.295,453,2022-05-27 15:27:00
109,2.295,2.295,2.29,2.29,500,2022-05-27 15:28:00
110,2.3,2.3,2.29,2.29,200,2022-05-27 15:29:00
111,2.2949,2.295,2.29,2.295,100300,2022-05-27 15:30:00
112,2.295,2.305,2.285,2.285,32670,2022-05-27 15:32:00
113,2.285,2.29,2.28,2.28,5924,2022-05-27 15:33:00
114,2.29,2.29,2.29,2.29,300,2022-05-27 15:34:00
115,2.29,2.295,2.29,2.295,4000,2022-05-27 15:35:00
116,2.3,2.3,2.295,2.295,200,2022-05-27 15:36:00
117,2.29,2.29,2.29,2.29,500,2022-05-27 15:37:00
118,2.295,2.295,2.295,2.295,600,2022-05-27 15:38:00
119,2.295,2.295,2.295,2.295,100,2022-05-27 15:39:00
120,2.295,2.3,2.2914,2.3,1100,2022-05-27 15:40:00
121,2.29,2.2999,2.29,2.2999,900,2022-05-27 15:41:00
122,2.295,2.3,2.295,2.3,300,2022-05-27 15:42:00
123,2.3,2.3,2.295,2.3,300,2022-05-27 15:43:00
124,2.3,2.3,2.29,2.295,600,2022-05-27 15:44:00
125,2.3,2.3,2.3,2.3,300,2022-05-27 15:45:00
126,2.3,2.3,2.3,2.3,834,2022-05-27 15:46:00
127,2.3,2.3,2.29,2.3,300,2022-05-27 15:47:00
128,2.3,2.3,2.295,2.3,400,2022-05-27 15:48:00
129,2.29,2.3,2.29,2.3,3000,2022-05-27 15:49:00
130,2.3,2.3,2.29,2.29,500,2022-05-27 15:50:00
131,2.3,2.3,2.295,2.3,300,2022-05-27 15:51:00
132,2.3,2.3,2.3,2.3,625,2022-05-27 15:52:00
133,2.3,2.3,2.295,2.3,1108,2022-05-27 15:53:00
134,2.3,2.305,2.295,2.295,23131,2022-05-27 15:54:00
135,2.295,2.295,2.285,2.29,9611,2022-05-27 15:55:00
136,2.29,2.295,2.29,2.295,8652,2022-05-27 15:56:00
137,2.295,2.2998,2.295,2.2998,650,2022-05-27 15:59:00
138,2.3,2.3,2.2977,2.3,13451,2022-05-27 16:00:00
139,2.31,2.31,2.3,2.3,22803,2022-05-27 16:01:00
140,2.295,2.295,2.295,2.295,400,2022-05-27 16:02:00
141,2.29,2.291,2.29,2.291,765,2022-05-27 16:04:00
142,2.295,2.295,2.29,2.295,4609,2022-05-27 16:06:00
143,2.295,2.295,2.295,2.295,553,2022-05-27 16:07:00
144,2.295,2.295,2.295,2.295,300,2022-05-27 16:09:00
145,2.29,2.29,2.29,2.29,10102,2022-05-27 16:10:00
146,2.29,2.29,2.29,2.29,7697,2022-05-27 16:11:00
147,2.295,2.3,2.295,2.3,601,2022-05-27 16:15:00
148,2.295,2.295,2.295,2.295,100,2022-05-27 16:16:00
149,2.295,2.295,2.285,2.295,11025,2022-05-27 16:17:00
150,2.29,2.29,2.285,2.285,4172,2022-05-27 16:18:00
151,2.28,2.285,2.28,2.28,6500,2022-05-27 16:19:00
152,2.275,2.28,2.275,2.275,15136,2022-05-27 16:20:00
153,2.2716,2.275,2.2716,2.275,570,2022-05-27 16:21:00
154,2.275,2.275,2.275,2.275,450,2022-05-27 16:22:00
155,2.275,2.275,2.275,2.275,500,2022-05-27 16:23:00
156,2.275,2.275,2.27,2.27,200,2022-05-27 16:25:00
157,2.27,2.27,2.26,2.265,6493,2022-05-27 16:29:00
158,2.26,2.265,2.26,2.265,400,2022-05-27 16:30:00
159,2.265,2.265,2.265,2.265,100,2022-05-27 16:32:00
160,2.26,2.26,2.26,2.26,800,2022-05-27 16:33:00
161,2.26,2.26,2.26,2.26,32719,2022-05-27 16:34:00
162,2.26,2.26,2.26,2.26,100,2022-05-27 16:35:00
163,2.265,2.265,2.265,2.265,100,2022-05-27 16:36:00
164,2.265,2.265,2.265,2.265,700,2022-05-27 16:37:00
165,2.26,2.26,2.26,2.26,100,2022-05-27 16:40:00
166,2.2693,2.2693,2.26,2.265,12756,2022-05-27 16:43:00
167,2.265,2.265,2.26,2.26,800,2022-05-27 16:44:00
168,2.265,2.265,2.26,2.26,1700,2022-05-27 16:45:00
169,2.265,2.265,2.26,2.26,3154,2022-05-27 16:46:00
170,2.265,2.265,2.265,2.265,200,2022-05-27 16:49:00
171,2.27,2.27,2.26,2.26,8272,2022-05-27 16:51:00
172,2.265,2.265,2.26,2.26,400,2022-05-27 16:52:00
173,2.265,2.265,2.265,2.265,100,2022-05-27 16:53:00
174,2.26,2.26,2.26,2.26,100,2022-05-27 16:55:00
175,2.265,2.265,2.26,2.26,300,2022-05-27 16:56:00
176,2.265,2.265,2.265,2.265,100,2022-05-27 16:57:00
177,2.26,2.265,2.26,2.265,1998,2022-05-27 16:58:00
178,2.26,2.265,2.26,2.26,600,2022-05-27 16:59:00
179,2.265,2.265,2.26,2.26,2100,2022-05-27 17:00:00
180,2.265,2.265,2.2637,2.2637,300,2022-05-27 17:01:00
181,2.27,2.27,2.26,2.265,1400,2022-05-27 17:02:00
182,2.27,2.27,2.26,2.26,200,2022-05-27 17:04:00
183,2.27,2.27,2.26,2.26,500,2022-05-27 17:06:00
184,2.265,2.265,2.265,2.265,258,2022-05-27 17:08:00
185,2.26,2.27,2.26,2.265,300,2022-05-27 17:09:00
186,2.26,2.265,2.26,2.265,300,2022-05-27 17:11:00
187,2.27,2.27,2.26,2.265,400,2022-05-27 17:12:00
188,2.2657,2.2657,2.2657,2.2657,300,2022-05-27 17:13:00
189,2.27,2.27,2.26,2.26,500,2022-05-27 17:15:00
190,2.265,2.265,2.265,2.265,100,2022-05-27 17:16:00
191,2.27,2.27,2.26,2.26,300,2022-05-27 17:17:00
192,2.27,2.27,2.27,2.27,200,2022-05-27 17:18:00
193,2.27,2.27,2.27,2.27,200,2022-05-27 17:19:00
194,2.27,2.27,2.27,2.27,100,2022-05-27 17:20:00
195,2.263,2.263,2.263,2.263,894,2022-05-27 17:21:00
196,2.27,2.27,2.26,2.261,865,2022-05-27 17:22:00
197,2.26,2.265,2.26,2.265,200,2022-05-27 17:23:00
198,2.265,2.265,2.265,2.265,100,2022-05-27 17:25:00
199,2.27,2.27,2.27,2.27,100,2022-05-27 17:26:00
200,2.27,2.27,2.26,2.265,25400,2022-05-27 17:27:00
201,2.265,2.27,2.265,2.265,300,2022-05-27 17:28:00
202,2.265,2.265,2.2601,2.2601,2500,2022-05-27 17:29:00
203,2.265,2.265,2.265,2.265,100,2022-05-27 17:30:00
204,2.2699,2.27,2.265,2.265,1200,2022-05-27 17:31:00
205,2.27,2.275,2.27,2.275,8726,2022-05-27 17:32:00
206,2.275,2.28,2.275,2.275,4889,2022-05-27 17:33:00
207,2.275,2.275,2.2713,2.2713,1100,2022-05-27 17:35:00
208,2.28,2.28,2.28,2.28,200,2022-05-27 17:36:00
209,2.28,2.28,2.275,2.275,500,2022-05-27 17:37:00
210,2.275,2.2781,2.275,2.2781,200,2022-05-27 17:38:00
211,2.275,2.275,2.275,2.275,100,2022-05-27 17:40:00
212,2.28,2.285,2.28,2.285,9596,2022-05-27 17:41:00
213,2.29,2.29,2.29,2.29,200,2022-05-27 17:42:00
214,2.285,2.3,2.285,2.3,13592,2022-05-27 17:43:00
215,2.3,2.3,2.295,2.295,1300,2022-05-27 17:44:00
216,2.2966,2.3,2.295,2.3,1303,2022-05-27 17:45:00
217,2.3,2.3,2.3,2.3,100,2022-05-27 17:46:00
218,2.3,2.3,2.29,2.29,800,2022-05-27 17:47:00
219,2.3,2.3,2.3,2.3,123,2022-05-27 17:49:00
220,2.2995,2.3,2.2901,2.3,2586,2022-05-27 17:51:00
221,2.3,2.305,2.3,2.305,2535,2022-05-27 17:52:00
222,2.31,2.31,2.31,2.31,400,2022-05-27 17:53:00
223,2.3009,2.31,2.3,2.31,466,2022-05-27 17:54:00
224,2.305,2.31,2.29,2.29,37469,2022-05-27 17:55:00
225,2.295,2.295,2.295,2.295,300,2022-05-27 17:56:00
226,2.295,2.295,2.29,2.29,8174,2022-05-27 17:57:00
227,2.285,2.2998,2.285,2.2998,6757,2022-05-27 17:58:00
228,2.29,2.295,2.28,2.28,7281,2022-05-27 17:59:00
229,2.28,2.285,2.28,2.28,7835,2022-05-27 18:00:00
230,2.285,2.285,2.28,2.28,925,2022-05-27 18:01:00
231,2.28,2.28,2.28,2.28,1400,2022-05-27 18:02:00
232,2.28,2.2883,2.28,2.28,2400,2022-05-27 18:03:00
233,2.28,2.28,2.28,2.28,2400,2022-05-27 18:04:00
234,2.285,2.285,2.28,2.28,1500,2022-05-27 18:05:00
235,2.28,2.28,2.27,2.27,10547,2022-05-27 18:06:00
236,2.28,2.28,2.275,2.275,6863,2022-05-27 18:07:00
237,2.275,2.285,2.275,2.285,3319,2022-05-27 18:08:00
238,2.28,2.29,2.28,2.29,900,2022-05-27 18:09:00
239,2.285,2.2894,2.28,2.285,1500,2022-05-27 18:10:00
240,2.2878,2.2881,2.285,2.285,1163,2022-05-27 18:11:00
241,2.28,2.29,2.28,2.285,797,2022-05-27 18:12:00
242,2.285,2.285,2.285,2.285,100,2022-05-27 18:13:00
243,2.29,2.29,2.29,2.29,200,2022-05-27 18:14:00
244,2.29,2.295,2.29,2.295,3695,2022-05-27 18:15:00
245,2.29,2.3,2.29,2.29,1700,2022-05-27 18:16:00
246,2.29,2.295,2.28,2.285,13000,2022-05-27 18:17:00
247,2.28,2.285,2.27,2.27,27159,2022-05-27 18:18:00
248,2.27,2.275,2.27,2.275,4676,2022-05-27 18:19:00
249,2.275,2.29,2.275,2.2806,14203,2022-05-27 18:20:00
250,2.285,2.285,2.285,2.285,300,2022-05-27 18:21:00
251,2.29,2.29,2.2886,2.29,1200,2022-05-27 18:23:00
252,2.285,2.285,2.2808,2.2808,4794,2022-05-27 18:24:00
253,2.285,2.285,2.285,2.285,395,2022-05-27 18:25:00
254,2.28,2.29,2.28,2.285,700,2022-05-27 18:26:00
255,2.29,2.29,2.27,2.27,19633,2022-05-27 18:28:00
256,2.27,2.27,2.27,2.27,400,2022-05-27 18:29:00
257,2.27,2.27,2.27,2.27,100,2022-05-27 18:31:00
258,2.27,2.27,2.27,2.27,5200,2022-05-27 18:32:00
259,2.27,2.275,2.27,2.275,1199,2022-05-27 18:33:00
260,2.27,2.27,2.27,2.27,200,2022-05-27 18:34:00
261,2.275,2.275,2.275,2.275,500,2022-05-27 18:35:00
262,2.28,2.28,2.27,2.27,964,2022-05-27 18:37:00
263,2.27,2.28,2.27,2.275,1800,2022-05-27 18:38:00
264,2.272,2.28,2.272,2.275,800,2022-05-27 18:39:00
265,2.275,2.28,2.275,2.28,800,2022-05-27 18:40:00
266,2.275,2.28,2.27,2.28,600,2022-05-27 18:41:00
267,2.275,2.28,2.27,2.27,300,2022-05-27 18:42:00
268,2.275,2.28,2.275,2.28,400,2022-05-27 18:43:00
269,2.28,2.28,2.27,2.275,1100,2022-05-27 18:44:00
270,2.28,2.28,2.27,2.27,7000,2022-05-27 18:45:00
271,2.27,2.28,2.27,2.27,10728,2022-05-27 18:46:00
272,2.27,2.27,2.27,2.27,9372,2022-05-27 18:47:00
273,2.27,2.275,2.27,2.27,4565,2022-05-27 18:48:00
274,2.27,2.27,2.27,2.27,7066,2022-05-27 18:49:00
275,2.265,2.265,2.265,2.265,1221,2022-05-27 18:50:00
276,2.265,2.265,2.265,2.265,400,2022-05-27 18:51:00
277,2.265,2.2691,2.265,2.2691,650,2022-05-27 18:52:00
278,2.265,2.265,2.2614,2.2614,1066,2022-05-27 18:53:00
279,2.265,2.265,2.265,2.265,100,2022-05-27 18:54:00
280,2.265,2.265,2.26,2.265,4600,2022-05-27 18:55:00
281,2.265,2.27,2.265,2.265,26990,2022-05-27 18:57:00
282,2.27,2.275,2.27,2.275,8104,2022-05-27 18:58:00
283,2.275,2.28,2.275,2.28,300,2022-05-27 18:59:00
284,2.28,2.28,2.28,2.28,100,2022-05-27 19:00:00
285,2.28,2.28,2.28,2.28,700,2022-05-27 19:01:00
286,2.28,2.28,2.26,2.265,30234,2022-05-27 19:02:00
287,2.265,2.265,2.265,2.265,5554,2022-05-27 19:03:00
288,2.265,2.265,2.26,2.265,16850,2022-05-27 19:04:00
289,2.265,2.265,2.26,2.26,1445,2022-05-27 19:05:00
290,2.265,2.265,2.2601,2.265,4962,2022-05-27 19:06:00
291,2.265,2.27,2.2601,2.265,3020,2022-05-27 19:07:00
292,2.26,2.27,2.26,2.265,2538,2022-05-27 19:08:00
293,2.265,2.265,2.265,2.265,1874,2022-05-27 19:09:00
294,2.27,2.27,2.265,2.265,1447,2022-05-27 19:10:00
295,2.27,2.27,2.265,2.27,1556,2022-05-27 19:11:00
296,2.27,2.27,2.265,2.265,5596,2022-05-27 19:12:00
297,2.27,2.27,2.265,2.265,4040,2022-05-27 19:13:00
298,2.27,2.27,2.26,2.27,1260,2022-05-27 19:14:00
299,2.27,2.27,2.265,2.265,1525,2022-05-27 19:15:00
300,2.27,2.27,2.265,2.265,901,2022-05-27 19:16:00
301,2.265,2.27,2.26,2.265,1235,2022-05-27 19:17:00
302,2.265,2.27,2.265,2.265,800,2022-05-27 19:18:00
303,2.265,2.27,2.265,2.265,1600,2022-05-27 19:19:00
304,2.265,2.27,2.265,2.265,10500,2022-05-27 19:20:00
305,2.27,2.27,2.26,2.26,3194,2022-05-27 19:21:00
306,2.26,2.265,2.26,2.26,990,2022-05-27 19:22:00
307,2.265,2.2699,2.26,2.26,1300,2022-05-27 19:23:00
308,2.26,2.26,2.245,2.245,177634,2022-05-27 19:24:00
309,2.24,2.24,2.24,2.24,100,2022-05-27 19:25:00
310,2.245,2.255,2.245,2.255,13524,2022-05-27 19:26:00
311,2.255,2.255,2.255,2.255,2846,2022-05-27 19:27:00
312,2.255,2.255,2.245,2.245,16688,2022-05-27 19:28:00
313,2.245,2.245,2.23,2.235,54843,2022-05-27 19:29:00
314,2.24,2.245,2.24,2.245,9748,2022-05-27 19:30:00
315,2.24,2.24,2.24,2.24,300,2022-05-27 19:31:00
316,2.245,2.245,2.23,2.23,27829,2022-05-27 19:32:00
317,2.23,2.23,2.23,2.23,100,2022-05-27 19:33:00
318,2.235,2.235,2.22,2.22,9013,2022-05-27 19:34:00
319,2.225,2.235,2.225,2.23,25208,2022-05-27 19:35:00
320,2.23,2.235,2.23,2.23,15189,2022-05-27 19:37:00
321,2.235,2.245,2.235,2.24,16008,2022-05-27 19:39:00
322,2.245,2.245,2.245,2.245,500,2022-05-27 19:40:00
323,2.245,2.255,2.245,2.245,55149,2022-05-27 19:42:00
324,2.245,2.25,2.245,2.25,475,2022-05-27 19:43:00
325,2.25,2.25,2.245,2.25,2943,2022-05-27 19:44:00
326,2.2461,2.26,2.2461,2.26,26992,2022-05-27 19:45:00
327,2.255,2.26,2.25,2.26,5980,2022-05-27 19:46:00
328,2.26,2.26,2.245,2.245,33906,2022-05-27 19:47:00
329,2.245,2.245,2.23,2.235,37188,2022-05-27 19:48:00
330,2.23,2.235,2.23,2.235,1570,2022-05-27 19:49:00
331,2.235,2.24,2.235,2.235,2665,2022-05-27 19:50:00
332,2.235,2.235,2.235,2.235,1324,2022-05-27 19:51:00
333,2.235,2.235,2.23,2.235,2031,2022-05-27 19:52:00
334,2.235,2.25,2.235,2.25,6753,2022-05-27 19:53:00
335,2.25,2.26,2.245,2.26,12950,2022-05-27 19:54:00
336,2.255,2.26,2.255,2.255,5510,2022-05-27 19:55:00
337,2.255,2.26,2.245,2.255,58397,2022-05-27 19:56:00
338,2.255,2.26,2.25,2.255,16317,2022-05-27 19:57:00
339,2.255,2.26,2.255,2.255,15484,2022-05-27 19:58:00
340,2.255,2.26,2.25,2.26,28876,2022-05-27 19:59:00
341,2.27,2.27,2.27,2.27,42994,2022-05-27 20:00:00
342,2.4602,2.4602,2.4602,2.4602,500,2022-05-27 21:12:00
343,2.27,2.27,2.27,2.27,15421,2022-05-27 21:17:00
344,2.2791,2.2791,2.2791,2.2791,2000,2022-05-27 21:22:00
345,2.27,2.27,2.27,2.27,100,2022-05-27 23:39:00
346,2.28,2.28,2.28,2.28,350,2022-05-31 12:01:00
347,2.31,2.31,2.31,2.31,100,2022-05-31 12:04:00
348,2.32,2.32,2.31,2.31,296,2022-05-31 12:56:00
349,2.24,2.3,2.22,2.24,25483,2022-05-31 13:30:00
350,2.24,2.25,2.22,2.235,47001,2022-05-31 13:31:00
351,2.23,2.25,2.23,2.24,5937,2022-05-31 13:32:00
352,2.225,2.225,2.225,2.225,100,2022-05-31 13:33:00
353,2.23,2.23,2.23,2.23,520,2022-05-31 13:34:00
354,2.225,2.225,2.22,2.22,5000,2022-05-31 13:35:00
355,2.22,2.23,2.22,2.23,1700,2022-05-31 13:36:00
356,2.23,2.23,2.23,2.23,1200,2022-05-31 13:37:00
357,2.2295,2.2295,2.2257,2.2257,2624,2022-05-31 13:38:00
358,2.22,2.22,2.22,2.22,100,2022-05-31 13:40:00
359,2.23,2.23,2.23,2.23,200,2022-05-31 13:43:00
360,2.23,2.25,2.23,2.2401,6557,2022-05-31 13:44:00
361,2.25,2.255,2.237,2.24,5000,2022-05-31 13:45:00
362,2.25,2.25,2.2475,2.2475,200,2022-05-31 13:46:00
363,2.2485,2.2485,2.24,2.24,4812,2022-05-31 13:47:00
364,2.245,2.25,2.23,2.23,9545,2022-05-31 13:48:00
365,2.23,2.2342,2.23,2.23,11271,2022-05-31 13:49:00
366,2.23,2.23,2.23,2.23,2945,2022-05-31 13:50:00
367,2.23,2.235,2.23,2.235,1493,2022-05-31 13:51:00
368,2.235,2.2384,2.235,2.2384,971,2022-05-31 13:52:00
369,2.235,2.24,2.235,2.24,200,2022-05-31 13:53:00
370,2.24,2.25,2.24,2.245,4341,2022-05-31 13:55:00
371,2.25,2.255,2.245,2.245,6349,2022-05-31 13:56:00
372,2.25,2.25,2.25,2.25,100,2022-05-31 13:57:00
373,2.245,2.245,2.23,2.235,504877,2022-05-31 13:58:00
374,2.235,2.235,2.235,2.235,743,2022-05-31 13:59:00
375,2.24,2.27,2.24,2.255,34732,2022-05-31 14:00:00
376,2.255,2.255,2.23,2.24,43170,2022-05-31 14:01:00
377,2.245,2.245,2.2309,2.2309,14996,2022-05-31 14:02:00
378,2.23,2.24,2.23,2.24,3884,2022-05-31 14:03:00
379,2.24,2.24,2.22,2.22,14186,2022-05-31 14:04:00
380,2.22,2.23,2.22,2.225,12489,2022-05-31 14:05:00
381,2.2207,2.2207,2.215,2.215,34350,2022-05-31 14:06:00
382,2.215,2.22,2.2,2.2,17999,2022-05-31 14:07:00
383,2.2,2.2,2.19,2.19,12675,2022-05-31 14:08:00
384,2.195,2.2,2.19,2.2,3660,2022-05-31 14:09:00
385,2.19,2.2,2.19,2.2,2200,2022-05-31 14:10:00
386,2.21,2.22,2.2,2.2,12507,2022-05-31 14:11:00
387,2.2,2.205,2.2,2.205,5795,2022-05-31 14:12:00
388,2.2,2.2015,2.2,2.2015,1961,2022-05-31 14:13:00
389,2.205,2.22,2.205,2.22,4676,2022-05-31 14:14:00
390,2.2206,2.2206,2.2206,2.2206,5237,2022-05-31 14:15:00
391,2.225,2.225,2.225,2.225,100,2022-05-31 14:16:00
392,2.23,2.23,2.22,2.22,1160,2022-05-31 14:17:00
393,2.22,2.23,2.22,2.22,700,2022-05-31 14:18:00
394,2.225,2.225,2.22,2.22,7522,2022-05-31 14:19:00
395,2.215,2.215,2.21,2.21,3532,2022-05-31 14:20:00
396,2.21,2.21,2.21,2.21,300,2022-05-31 14:21:00
397,2.21,2.215,2.21,2.21,700,2022-05-31 14:22:00
398,2.215,2.215,2.215,2.215,100,2022-05-31 14:23:00
399,2.21,2.21,2.2,2.2,3838,2022-05-31 14:24:00
400,2.2,2.2094,2.2,2.2,21994,2022-05-31 14:26:00
401,2.2,2.2,2.19,2.19,18529,2022-05-31 14:27:00
402,2.19,2.2,2.19,2.2,3305,2022-05-31 14:28:00
403,2.2,2.2,2.2,2.2,200,2022-05-31 14:29:00
404,2.2,2.22,2.2,2.22,3411,2022-05-31 14:30:00
405,2.23,2.23,2.23,2.23,3675,2022-05-31 14:31:00
406,2.2389,2.24,2.23,2.23,21378,2022-05-31 14:32:00
407,2.23,2.23,2.23,2.23,7072,2022-05-31 14:33:00
408,2.22,2.22,2.21,2.21,13997,2022-05-31 14:34:00
409,2.2192,2.2192,2.2192,2.2192,2000,2022-05-31 14:35:00
410,2.219,2.219,2.219,2.219,2000,2022-05-31 14:36:00
411,2.2191,2.2199,2.21,2.215,5741,2022-05-31 14:37:00
412,2.215,2.225,2.21,2.22,6468,2022-05-31 14:38:00
413,2.23,2.235,2.225,2.235,3074,2022-05-31 14:39:00
414,2.235,2.24,2.23,2.23,1201,2022-05-31 14:40:00
415,2.235,2.235,2.225,2.23,26636,2022-05-31 14:41:00
416,2.23,2.23,2.22,2.225,23911,2022-05-31 14:42:00
417,2.225,2.229,2.22,2.229,615,2022-05-31 14:43:00
418,2.225,2.225,2.2235,2.2235,900,2022-05-31 14:44:00
419,2.22,2.225,2.22,2.225,700,2022-05-31 14:45:00
420,2.225,2.225,2.2,2.215,42454,2022-05-31 14:46:00
421,2.2115,2.22,2.21,2.22,10057,2022-05-31 14:47:00
422,2.2218,2.225,2.2218,2.225,310,2022-05-31 14:48:00
423,2.23,2.23,2.225,2.225,3606,2022-05-31 14:49:00
424,2.225,2.225,2.22,2.225,700,2022-05-31 14:50:00
425,2.225,2.225,2.225,2.225,500,2022-05-31 14:51:00
426,2.225,2.225,2.22,2.22,1400,2022-05-31 14:52:00
427,2.22,2.22,2.21,2.21,21130,2022-05-31 14:53:00
428,2.21,2.215,2.2,2.21,47183,2022-05-31 14:54:00
429,2.205,2.21,2.2,2.2,3575,2022-05-31 14:55:00
430,2.2,2.205,2.2,2.2,2457,2022-05-31 14:56:00
431,2.205,2.21,2.205,2.21,1400,2022-05-31 14:57:00
432,2.2,2.21,2.2,2.21,9290,2022-05-31 14:58:00
433,2.22,2.225,2.22,2.225,2588,2022-05-31 14:59:00
434,2.225,2.24,2.225,2.24,2830,2022-05-31 15:00:00
435,2.24,2.25,2.24,2.25,3200,2022-05-31 15:01:00
436,2.25,2.25,2.25,2.25,600,2022-05-31 15:02:00
437,2.25,2.25,2.23,2.23,25190,2022-05-31 15:03:00
438,2.23,2.23,2.23,2.23,800,2022-05-31 15:04:00
439,2.235,2.235,2.23,2.23,278,2022-05-31 15:05:00
440,2.235,2.235,2.235,2.235,100,2022-05-31 15:06:00
441,2.23,2.24,2.225,2.24,8725,2022-05-31 15:07:00
442,2.24,2.24,2.24,2.24,100,2022-05-31 15:08:00
443,2.23,2.235,2.22,2.225,12522,2022-05-31 15:09:00
444,2.23,2.23,2.23,2.23,2908,2022-05-31 15:11:00
445,2.23,2.24,2.23,2.24,1200,2022-05-31 15:13:00
446,2.24,2.24,2.24,2.24,200,2022-05-31 15:14:00
447,2.2391,2.24,2.23,2.23,1900,2022-05-31 15:16:00
448,2.235,2.235,2.235,2.235,100,2022-05-31 15:17:00
449,2.24,2.24,2.22,2.225,18299,2022-05-31 15:19:00
450,2.2201,2.225,2.22,2.225,3286,2022-05-31 15:23:00
451,2.22,2.22,2.22,2.22,3503,2022-05-31 15:24:00
452,2.22,2.22,2.21,2.22,7678,2022-05-31 15:25:00
453,2.22,2.22,2.215,2.22,1906,2022-05-31 15:26:00
454,2.22,2.22,2.22,2.22,300,2022-05-31 15:27:00
455,2.21,2.215,2.2,2.2,22817,2022-05-31 15:28:00
456,2.205,2.205,2.205,2.205,100,2022-05-31 15:29:00
457,2.2,2.2,2.19,2.19,2700,2022-05-31 15:30:00
458,2.1984,2.1984,2.1984,2.1984,350,2022-05-31 15:31:00
459,2.195,2.195,2.195,2.195,100,2022-05-31 15:34:00
460,2.19,2.19,2.18,2.18,6793,2022-05-31 15:35:00
461,2.185,2.195,2.185,2.195,23525,2022-05-31 15:36:00
462,2.195,2.195,2.195,2.195,100,2022-05-31 15:37:00
463,2.195,2.195,2.19,2.19,9426,2022-05-31 15:38:00
464,2.19,2.2005,2.19,2.2,23575,2022-05-31 15:39:00
465,2.2,2.21,2.2,2.205,2131,2022-05-31 15:40:00
466,2.21,2.21,2.21,2.21,100,2022-05-31 15:42:00
467,2.21,2.21,2.21,2.21,414,2022-05-31 15:43:00
468,2.21,2.21,2.21,2.21,100,2022-05-31 15:44:00
469,2.21,2.21,2.21,2.21,300,2022-05-31 15:45:00
470,2.21,2.21,2.21,2.21,300,2022-05-31 15:46:00
471,2.21,2.22,2.205,2.22,6676,2022-05-31 15:47:00
472,2.22,2.23,2.22,2.23,3040,2022-05-31 15:48:00
473,2.23,2.23,2.23,2.23,1600,2022-05-31 15:49:00
474,2.23,2.24,2.23,2.24,3590,2022-05-31 15:50:00
475,2.24,2.24,2.22,2.23,32244,2022-05-31 15:51:00
476,2.23,2.23,2.23,2.23,200,2022-05-31 15:52:00
477,2.23,2.235,2.23,2.235,5891,2022-05-31 15:54:00
478,2.235,2.235,2.235,2.235,100,2022-05-31 15:55:00
479,2.235,2.235,2.235,2.235,200,2022-05-31 15:58:00
480,2.235,2.24,2.235,2.24,500,2022-05-31 15:59:00
481,2.24,2.24,2.24,2.24,400,2022-05-31 16:00:00
482,2.24,2.25,2.235,2.25,3781,2022-05-31 16:01:00
483,2.25,2.25,2.25,2.25,600,2022-05-31 16:02:00
484,2.25,2.25,2.2492,2.25,2800,2022-05-31 16:03:00
485,2.25,2.25,2.25,2.25,600,2022-05-31 16:04:00
486,2.25,2.26,2.2431,2.25,23696,2022-05-31 16:05:00
487,2.245,2.245,2.245,2.245,200,2022-05-31 16:06:00
488,2.25,2.25,2.245,2.245,200,2022-05-31 16:07:00
489,2.245,2.248,2.245,2.248,250,2022-05-31 16:08:00
490,2.2475,2.255,2.2475,2.255,8024,2022-05-31 16:10:00
491,2.255,2.255,2.255,2.255,600,2022-05-31 16:11:00
492,2.255,2.26,2.255,2.26,728,2022-05-31 16:12:00
493,2.26,2.26,2.26,2.26,300,2022-05-31 16:13:00
494,2.255,2.26,2.255,2.26,500,2022-05-31 16:14:00
495,2.25,2.25,2.225,2.23,38089,2022-05-31 16:15:00
496,2.23,2.235,2.23,2.235,600,2022-05-31 16:16:00
497,2.23,2.23,2.22,2.22,7162,2022-05-31 16:19:00
498,2.22,2.22,2.22,2.22,846,2022-05-31 16:20:00
499,2.225,2.225,2.22,2.22,534,2022-05-31 16:21:00
500,2.22,2.22,2.215,2.215,2864,2022-05-31 16:22:00
501,2.215,2.215,2.21,2.21,200,2022-05-31 16:24:00
502,2.215,2.22,2.2,2.2,18719,2022-05-31 16:25:00
503,2.2,2.2027,2.2,2.2,900,2022-05-31 16:26:00
504,2.205,2.205,2.205,2.205,100,2022-05-31 16:27:00
505,2.205,2.205,2.2,2.2,400,2022-05-31 16:28:00
506,2.205,2.205,2.205,2.205,700,2022-05-31 16:29:00
507,2.205,2.205,2.205,2.205,200,2022-05-31 16:30:00
508,2.205,2.21,2.205,2.205,650,2022-05-31 16:31:00
509,2.205,2.205,2.205,2.205,600,2022-05-31 16:32:00
510,2.205,2.21,2.19,2.19,72877,2022-05-31 16:33:00
511,2.19,2.195,2.19,2.19,900,2022-05-31 16:34:00
512,2.195,2.195,2.195,2.195,901,2022-05-31 16:35:00
513,2.195,2.195,2.195,2.195,100,2022-05-31 16:36:00
514,2.195,2.195,2.195,2.195,100,2022-05-31 16:38:00
515,2.19,2.195,2.19,2.195,872,2022-05-31 16:39:00
516,2.19,2.21,2.19,2.2,53844,2022-05-31 16:40:00
517,2.205,2.205,2.2,2.205,2897,2022-05-31 16:41:00
518,2.205,2.205,2.2,2.205,2500,2022-05-31 16:42:00
519,2.205,2.205,2.205,2.205,700,2022-05-31 16:43:00
520,2.2,2.21,2.2,2.205,1000,2022-05-31 16:44:00
521,2.2,2.205,2.2,2.205,400,2022-05-31 16:45:00
522,2.205,2.205,2.2,2.205,1700,2022-05-31 16:46:00
523,2.205,2.205,2.205,2.205,600,2022-05-31 16:47:00
524,2.205,2.205,2.19,2.19,16605,2022-05-31 16:48:00
525,2.19,2.19,2.19,2.19,100,2022-05-31 16:49:00
526,2.19,2.19,2.19,2.19,100,2022-05-31 16:50:00
527,2.195,2.195,2.19,2.19,1500,2022-05-31 16:51:00
528,2.195,2.195,2.195,2.195,500,2022-05-31 16:53:00
529,2.195,2.2,2.19,2.19,7024,2022-05-31 16:55:00
530,2.19,2.195,2.19,2.195,6366,2022-05-31 16:56:00
531,2.195,2.195,2.195,2.195,300,2022-05-31 16:57:00
532,2.19,2.195,2.19,2.195,600,2022-05-31 16:58:00
533,2.195,2.195,2.19,2.195,1200,2022-05-31 17:00:00
534,2.19,2.195,2.19,2.195,300,2022-05-31 17:01:00
535,2.195,2.2,2.195,2.2,214,2022-05-31 17:02:00
536,2.195,2.195,2.195,2.195,100,2022-05-31 17:03:00
537,2.195,2.2,2.195,2.1972,800,2022-05-31 17:04:00
538,2.2,2.2,2.195,2.195,700,2022-05-31 17:05:00
539,2.2,2.2,2.195,2.2,700,2022-05-31 17:06:00
540,2.2,2.21,2.2,2.205,16657,2022-05-31 17:07:00
541,2.2,2.21,2.2,2.2,1700,2022-05-31 17:08:00
542,2.205,2.21,2.2,2.205,1713,2022-05-31 17:09:00
543,2.2,2.205,2.2,2.2,5846,2022-05-31 17:10:00
544,2.2,2.205,2.2,2.205,400,2022-05-31 17:11:00
545,2.2,2.205,2.195,2.195,4984,2022-05-31 17:12:00
546,2.195,2.195,2.19,2.19,600,2022-05-31 17:13:00
547,2.195,2.195,2.195,2.195,100,2022-05-31 17:14:00
548,2.2,2.2,2.19,2.19,4905,2022-05-31 17:15:00
549,2.185,2.185,2.185,2.185,700,2022-05-31 17:16:00
550,2.18,2.18,2.18,2.18,400,2022-05-31 17:17:00
551,2.185,2.185,2.185,2.185,100,2022-05-31 17:19:00
552,2.185,2.19,2.185,2.185,600,2022-05-31 17:21:00
553,2.185,2.19,2.185,2.19,2345,2022-05-31 17:22:00
554,2.18,2.18,2.18,2.18,100,2022-05-31 17:23:00
555,2.18,2.18,2.18,2.18,200,2022-05-31 17:24:00
556,2.19,2.19,2.19,2.19,8435,2022-05-31 17:25:00
557,2.2,2.2,2.2,2.2,411,2022-05-31 17:26:00
558,2.2,2.2,2.19,2.19,1200,2022-05-31 17:27:00
559,2.2,2.2,2.2,2.2,400,2022-05-31 17:28:00
560,2.2,2.2,2.2,2.2,600,2022-05-31 17:29:00
561,2.2,2.2,2.19,2.2,400,2022-05-31 17:30:00
562,2.2,2.2,2.2,2.2,300,2022-05-31 17:31:00
563,2.2,2.2,2.2,2.2,1658,2022-05-31 17:32:00
564,2.2,2.2,2.19,2.19,2040,2022-05-31 17:33:00
565,2.2,2.2,2.19,2.2,1000,2022-05-31 17:34:00
566,2.2,2.2,2.2,2.2,700,2022-05-31 17:35:00
567,2.2,2.2,2.1916,2.2,1909,2022-05-31 17:36:00
568,2.2,2.2,2.19,2.195,7455,2022-05-31 17:37:00
569,2.2,2.2,2.195,2.2,700,2022-05-31 17:38:00
570,2.2,2.2,2.195,2.195,1089,2022-05-31 17:39:00
571,2.195,2.2,2.19,2.2,1645,2022-05-31 17:40:00
572,2.2,2.2,2.19,2.2,700,2022-05-31 17:41:00
573,2.19,2.19,2.18,2.18,14342,2022-05-31 17:42:00
574,2.17,2.18,2.17,2.175,800,2022-05-31 17:43:00
575,2.17,2.175,2.17,2.175,600,2022-05-31 17:44:00
576,2.18,2.18,2.17,2.17,4108,2022-05-31 17:45:00
577,2.18,2.19,2.18,2.19,18848,2022-05-31 17:46:00
578,2.2,2.2,2.2,2.2,600,2022-05-31 17:47:00
579,2.2,2.2,2.2,2.2,500,2022-05-31 17:48:00
580,2.195,2.2,2.195,2.195,900,2022-05-31 17:50:00
581,2.2,2.2,2.2,2.2,200,2022-05-31 17:51:00
582,2.2,2.21,2.2,2.205,5291,2022-05-31 17:52:00
583,2.205,2.205,2.205,2.205,900,2022-05-31 17:53:00
584,2.205,2.205,2.205,2.205,700,2022-05-31 17:54:00
585,2.205,2.205,2.2032,2.205,1600,2022-05-31 17:55:00
586,2.205,2.205,2.205,2.205,100,2022-05-31 17:56:00
587,2.205,2.21,2.205,2.21,1000,2022-05-31 17:57:00
588,2.21,2.21,2.205,2.205,1600,2022-05-31 17:58:00
589,2.205,2.208,2.205,2.208,4500,2022-05-31 17:59:00
590,2.205,2.21,2.2,2.21,1323,2022-05-31 18:00:00
591,2.205,2.21,2.2,2.205,3492,2022-05-31 18:01:00
592,2.21,2.21,2.205,2.205,2500,2022-05-31 18:02:00
593,2.205,2.21,2.2,2.2,2239,2022-05-31 18:03:00
594,2.205,2.205,2.205,2.205,200,2022-05-31 18:04:00
595,2.205,2.21,2.205,2.205,800,2022-05-31 18:05:00
596,2.205,2.205,2.2,2.2,1850,2022-05-31 18:06:00
597,2.2,2.205,2.2,2.205,700,2022-05-31 18:07:00
598,2.205,2.21,2.2035,2.205,523,2022-05-31 18:08:00
599,2.205,2.205,2.205,2.205,700,2022-05-31 18:09:00
600,2.2,2.205,2.2,2.205,1856,2022-05-31 18:10:00
601,2.205,2.21,2.2012,2.21,2400,2022-05-31 18:11:00
602,2.205,2.205,2.205,2.205,1000,2022-05-31 18:12:00
603,2.205,2.205,2.2,2.2,2876,2022-05-31 18:13:00
604,2.205,2.205,2.2,2.205,900,2022-05-31 18:14:00
605,2.205,2.205,2.205,2.205,700,2022-05-31 18:15:00
606,2.205,2.205,2.205,2.205,700,2022-05-31 18:16:00
607,2.205,2.21,2.2,2.2,3610,2022-05-31 18:17:00
608,2.205,2.205,2.205,2.205,800,2022-05-31 18:18:00
609,2.205,2.205,2.205,2.205,600,2022-05-31 18:19:00
610,2.205,2.205,2.2,2.205,1100,2022-05-31 18:20:00
611,2.205,2.205,2.2,2.205,902,2022-05-31 18:21:00
612,2.2,2.205,2.195,2.195,6592,2022-05-31 18:22:00
613,2.2,2.2,2.2,2.2,100,2022-05-31 18:25:00
614,2.195,2.195,2.195,2.195,800,2022-05-31 18:26:00
615,2.195,2.2,2.195,2.2,200,2022-05-31 18:27:00
616,2.2,2.2,2.195,2.1983,560,2022-05-31 18:28:00
617,2.195,2.2,2.19,2.195,3531,2022-05-31 18:29:00
618,2.2,2.2,2.2,2.2,300,2022-05-31 18:30:00
619,2.1983,2.205,2.1983,2.205,12053,2022-05-31 18:31:00
620,2.205,2.21,2.205,2.205,1852,2022-05-31 18:32:00
621,2.205,2.21,2.205,2.205,3395,2022-05-31 18:33:00
622,2.205,2.205,2.205,2.205,800,2022-05-31 18:34:00
623,2.205,2.205,2.205,2.205,800,2022-05-31 18:35:00
624,2.205,2.21,2.185,2.19,32604,2022-05-31 18:36:00
625,2.19,2.19,2.18,2.19,11246,2022-05-31 18:37:00
626,2.19,2.19,2.185,2.185,902,2022-05-31 18:38:00
627,2.19,2.19,2.19,2.19,2662,2022-05-31 18:39:00
628,2.19,2.195,2.19,2.195,1200,2022-05-31 18:40:00
629,2.19,2.19,2.19,2.19,1000,2022-05-31 18:41:00
630,2.195,2.2,2.19,2.2,2004,2022-05-31 18:42:00
631,2.19,2.19,2.18,2.19,11068,2022-05-31 18:43:00
632,2.19,2.19,2.185,2.185,800,2022-05-31 18:45:00
633,2.185,2.185,2.185,2.185,102,2022-05-31 18:46:00
634,2.19,2.19,2.19,2.19,400,2022-05-31 18:47:00
635,2.18,2.19,2.18,2.18,49441,2022-05-31 18:48:00
636,2.185,2.185,2.17,2.175,18447,2022-05-31 18:49:00
637,2.18,2.18,2.175,2.175,1514,2022-05-31 18:50:00
638,2.175,2.175,2.17,2.17,1700,2022-05-31 18:51:00
639,2.17,2.18,2.17,2.175,3687,2022-05-31 18:52:00
640,2.175,2.18,2.175,2.18,594,2022-05-31 18:53:00
641,2.18,2.18,2.18,2.18,200,2022-05-31 18:54:00
642,2.18,2.18,2.18,2.18,1100,2022-05-31 18:55:00
643,2.18,2.18,2.17,2.18,2450,2022-05-31 18:56:00
644,2.18,2.18,2.18,2.18,835,2022-05-31 18:57:00
645,2.175,2.18,2.175,2.18,1500,2022-05-31 18:58:00
646,2.18,2.18,2.17,2.18,5700,2022-05-31 18:59:00
647,2.18,2.18,2.175,2.18,2700,2022-05-31 19:00:00
648,2.18,2.18,2.175,2.18,900,2022-05-31 19:01:00
649,2.18,2.18,2.175,2.18,1600,2022-05-31 19:02:00
650,2.18,2.18,2.175,2.18,1300,2022-05-31 19:03:00
651,2.175,2.18,2.17,2.18,3806,2022-05-31 19:04:00
652,2.18,2.18,2.175,2.18,3000,2022-05-31 19:05:00
653,2.175,2.18,2.1735,2.18,9562,2022-05-31 19:06:00
654,2.18,2.19,2.18,2.19,3304,2022-05-31 19:07:00
655,2.185,2.19,2.185,2.19,300,2022-05-31 19:08:00
656,2.19,2.19,2.19,2.19,300,2022-05-31 19:09:00
657,2.19,2.2,2.19,2.2,11600,2022-05-31 19:10:00
658,2.2,2.2,2.2,2.2,1300,2022-05-31 19:11:00
659,2.2,2.2,2.2,2.2,2400,2022-05-31 19:12:00
660,2.2,2.2,2.195,2.2,1756,2022-05-31 19:13:00
661,2.2,2.2,2.19,2.2,3380,2022-05-31 19:14:00
662,2.195,2.2,2.195,2.2,2800,2022-05-31 19:15:00
663,2.2,2.205,2.2,2.205,24306,2022-05-31 19:16:00
664,2.205,2.205,2.2,2.205,2508,2022-05-31 19:17:00
665,2.2,2.21,2.2,2.205,2200,2022-05-31 19:18:00
666,2.2,2.205,2.2,2.205,1529,2022-05-31 19:19:00
667,2.2,2.21,2.2,2.21,4044,2022-05-31 19:20:00
668,2.205,2.205,2.205,2.205,200,2022-05-31 19:21:00
669,2.205,2.2099,2.2,2.2099,5272,2022-05-31 19:22:00
670,2.205,2.205,2.2,2.2,1200,2022-05-31 19:23:00
671,2.205,2.2099,2.2,2.205,2081,2022-05-31 19:24:00
672,2.21,2.21,2.195,2.195,10935,2022-05-31 19:25:00
673,2.2,2.2,2.195,2.2,2480,2022-05-31 19:27:00
674,2.199,2.199,2.199,2.199,400,2022-05-31 19:28:00
675,2.195,2.195,2.19,2.19,2950,2022-05-31 19:29:00
676,2.2,2.2,2.195,2.195,900,2022-05-31 19:30:00
677,2.199,2.199,2.199,2.199,100,2022-05-31 19:31:00
678,2.195,2.2,2.19,2.195,4000,2022-05-31 19:32:00
679,2.195,2.195,2.195,2.195,100,2022-05-31 19:33:00
680,2.195,2.2,2.195,2.2,300,2022-05-31 19:34:00
681,2.2,2.2,2.19,2.19,4268,2022-05-31 19:35:00
682,2.195,2.2,2.195,2.2,2024,2022-05-31 19:36:00
683,2.2,2.2,2.195,2.195,500,2022-05-31 19:37:00
684,2.195,2.2,2.195,2.2,4356,2022-05-31 19:38:00
685,2.2,2.2,2.2,2.2,2300,2022-05-31 19:39:00
686,2.2,2.2,2.19,2.195,27771,2022-05-31 19:40:00
687,2.1901,2.2,2.1901,2.2,4180,2022-05-31 19:41:00
688,2.2,2.2,2.2,2.2,1100,2022-05-31 19:42:00
689,2.2,2.2,2.2,2.2,700,2022-05-31 19:43:00
690,2.19,2.2,2.19,2.2,900,2022-05-31 19:44:00
691,2.195,2.2,2.19,2.19,6176,2022-05-31 19:45:00
692,2.2,2.2,2.195,2.2,700,2022-05-31 19:46:00
693,2.2,2.2,2.19,2.19,5072,2022-05-31 19:47:00
694,2.2,2.2,2.19,2.2,900,2022-05-31 19:48:00
695,2.195,2.2,2.19,2.19,10257,2022-05-31 19:49:00
696,2.2,2.2,2.19,2.2,12379,2022-05-31 19:50:00
697,2.2,2.2,2.19,2.2,3837,2022-05-31 19:51:00
698,2.2,2.2,2.19,2.195,6019,2022-05-31 19:52:00
699,2.195,2.2,2.19,2.195,6408,2022-05-31 19:53:00
700,2.19,2.2,2.19,2.195,4886,2022-05-31 19:54:00
701,2.2,2.2,2.19,2.195,13621,2022-05-31 19:55:00
702,2.2,2.2,2.19,2.19,16457,2022-05-31 19:56:00
703,2.2,2.2,2.19,2.195,6365,2022-05-31 19:57:00
704,2.2,2.2,2.19,2.19,17092,2022-05-31 19:58:00
705,2.2,2.2,2.19,2.2,43868,2022-05-31 19:59:00
706,2.2,2.2,2.2,2.2,101450,2022-05-31 20:00:00
707,2.25,2.25,2.25,2.25,500,2022-05-31 22:52:00
708,2.31,2.31,2.31,2.31,300,2022-05-31 23:50:00
709,2.29,2.29,2.29,2.29,100,2022-06-01 12:31:00
710,2.23,2.26,2.22,2.22,14007,2022-06-01 13:30:00
711,2.23,2.265,2.23,2.265,5080,2022-06-01 13:31:00
712,2.26,2.275,2.255,2.275,5781,2022-06-01 13:32:00
713,2.275,2.275,2.275,2.275,500,2022-06-01 13:33:00
714,2.275,2.295,2.275,2.295,2550,2022-06-01 13:34:00
715,2.29,2.29,2.265,2.265,6815,2022-06-01 13:35:00
716,2.26,2.26,2.26,2.26,100,2022-06-01 13:36:00
717,2.265,2.265,2.265,2.265,102,2022-06-01 13:37:00
718,2.2652,2.27,2.2652,2.27,500,2022-06-01 13:38:00
719,2.2648,2.2648,2.26,2.26,600,2022-06-01 13:39:00
720,2.27,2.27,2.27,2.27,300,2022-06-01 13:40:00
721,2.265,2.27,2.26,2.27,8254,2022-06-01 13:41:00
722,2.275,2.275,2.27,2.27,6894,2022-06-01 13:42:00
723,2.265,2.265,2.26,2.26,300,2022-06-01 13:43:00
724,2.265,2.265,2.255,2.26,2600,2022-06-01 13:44:00
725,2.255,2.255,2.255,2.255,200,2022-06-01 13:45:00
726,2.26,2.26,2.254,2.254,1551,2022-06-01 13:46:00
727,2.255,2.26,2.255,2.26,300,2022-06-01 13:47:00
728,2.25,2.25,2.25,2.25,100,2022-06-01 13:48:00
729,2.255,2.255,2.25,2.25,1770,2022-06-01 13:49:00
730,2.255,2.255,2.25,2.25,200,2022-06-01 13:50:00
731,2.25,2.25,2.245,2.245,3400,2022-06-01 13:51:00
732,2.245,2.2484,2.24,2.24,600,2022-06-01 13:52:00
733,2.24,2.24,2.23,2.235,4916,2022-06-01 13:54:00
734,2.23,2.23,2.23,2.23,2400,2022-06-01 13:55:00
735,2.235,2.235,2.23,2.235,3114,2022-06-01 13:56:00
736,2.23,2.235,2.23,2.235,700,2022-06-01 13:57:00
737,2.23,2.23,2.23,2.23,100,2022-06-01 13:58:00
738,2.235,2.24,2.235,2.24,2500,2022-06-01 13:59:00
739,2.2499,2.2499,2.235,2.235,700,2022-06-01 14:00:00
740,2.24,2.24,2.23,2.24,1829,2022-06-01 14:01:00
741,2.245,2.25,2.24,2.24,1100,2022-06-01 14:02:00
742,2.24,2.24,2.23,2.235,5100,2022-06-01 14:03:00
743,2.2399,2.2399,2.23,2.23,2900,2022-06-01 14:05:00
744,2.23,2.23,2.215,2.215,2300,2022-06-01 14:06:00
745,2.21,2.21,2.21,2.21,500,2022-06-01 14:07:00
746,2.215,2.215,2.215,2.215,129,2022-06-01 14:08:00
747,2.21,2.21,2.21,2.21,1000,2022-06-01 14:09:00
748,2.21,2.21,2.21,2.21,600,2022-06-01 14:10:00
749,2.215,2.215,2.2119,2.2119,500,2022-06-01 14:12:00
750,2.21,2.21,2.2,2.2,3260,2022-06-01 14:13:00
751,2.21,2.21,2.2,2.2,1100,2022-06-01 14:14:00
752,2.2,2.2,2.19,2.19,5600,2022-06-01 14:15:00
753,2.19,2.19,2.19,2.19,100,2022-06-01 14:16:00
754,2.19,2.19,2.18,2.18,4700,2022-06-01 14:17:00
755,2.18,2.18,2.18,2.18,100,2022-06-01 14:18:00
756,2.18,2.19,2.18,2.19,1470,2022-06-01 14:20:00
757,2.18,2.18,2.18,2.18,2100,2022-06-01 14:21:00
758,2.1885,2.1885,2.18,2.18,600,2022-06-01 14:23:00
759,2.18,2.18,2.18,2.18,100,2022-06-01 14:24:00
760,2.18,2.19,2.18,2.185,306,2022-06-01 14:25:00
761,2.1818,2.19,2.1818,2.185,4866,2022-06-01 14:26:00
762,2.18,2.185,2.17,2.185,21698,2022-06-01 14:27:00
763,2.19,2.19,2.18,2.18,500,2022-06-01 14:28:00
764,2.185,2.185,2.18,2.18,235,2022-06-01 14:29:00
765,2.18,2.19,2.18,2.18,3250,2022-06-01 14:30:00
766,2.18,2.18,2.18,2.18,1800,2022-06-01 14:31:00
767,2.185,2.19,2.17,2.175,9378,2022-06-01 14:32:00
768,2.175,2.1781,2.175,2.175,625,2022-06-01 14:33:00
769,2.17,2.17,2.16,2.16,3575,2022-06-01 14:35:00
770,2.16,2.16,2.15,2.155,11481,2022-06-01 14:36:00
771,2.155,2.155,2.155,2.155,200,2022-06-01 14:37:00
772,2.15,2.165,2.15,2.16,5865,2022-06-01 14:38:00
773,2.165,2.165,2.165,2.165,100,2022-06-01 14:41:00
774,2.165,2.165,2.165,2.165,168,2022-06-01 14:42:00
775,2.16,2.16,2.16,2.16,157,2022-06-01 14:43:00
776,2.16,2.16,2.16,2.16,100,2022-06-01 14:44:00
777,2.16,2.165,2.155,2.165,22751,2022-06-01 14:45:00
778,2.165,2.17,2.165,2.17,2350,2022-06-01 14:46:00
779,2.165,2.165,2.165,2.165,400,2022-06-01 14:47:00
780,2.165,2.165,2.165,2.165,500,2022-06-01 14:48:00
781,2.165,2.17,2.165,2.17,1000,2022-06-01 14:49:00
782,2.165,2.17,2.165,2.17,3289,2022-06-01 14:50:00
783,2.17,2.185,2.165,2.185,13805,2022-06-01 14:51:00
784,2.185,2.185,2.185,2.185,1300,2022-06-01 14:52:00
785,2.19,2.19,2.185,2.185,200,2022-06-01 14:53:00
786,2.19,2.195,2.185,2.195,3450,2022-06-01 14:54:00
787,2.195,2.2,2.195,2.2,1164,2022-06-01 14:55:00
788,2.195,2.2,2.195,2.195,1000,2022-06-01 14:56:00
789,2.2,2.2,2.195,2.2,600,2022-06-01 14:57:00
790,2.2,2.2,2.195,2.2,500,2022-06-01 14:58:00
791,2.2,2.2,2.19,2.19,11965,2022-06-01 14:59:00
792,2.185,2.19,2.185,2.19,1350,2022-06-01 15:00:00
793,2.18,2.18,2.175,2.175,3400,2022-06-01 15:01:00
794,2.175,2.18,2.175,2.175,600,2022-06-01 15:02:00
795,2.175,2.175,2.175,2.175,300,2022-06-01 15:03:00
796,2.175,2.175,2.175,2.175,200,2022-06-01 15:06:00
797,2.175,2.175,2.16,2.16,15350,2022-06-01 15:07:00
798,2.16,2.165,2.16,2.16,1200,2022-06-01 15:08:00
799,2.16,2.17,2.155,2.155,12688,2022-06-01 15:09:00
800,2.155,2.155,2.155,2.155,600,2022-06-01 15:13:00
801,2.1516,2.155,2.1516,2.155,729,2022-06-01 15:14:00
802,2.155,2.155,2.14,2.15,4177,2022-06-01 15:16:00
803,2.15,2.15,2.15,2.15,100,2022-06-01 15:17:00
804,2.145,2.15,2.145,2.145,2388,2022-06-01 15:19:00
805,2.145,2.145,2.145,2.145,100,2022-06-01 15:20:00
806,2.14,2.1411,2.14,2.14,2601,2022-06-01 15:21:00
807,2.14,2.14,2.13,2.135,7024,2022-06-01 15:22:00
808,2.13,2.135,2.12,2.12,4800,2022-06-01 15:23:00
809,2.12,2.12,2.12,2.12,400,2022-06-01 15:25:00
810,2.125,2.125,2.125,2.125,100,2022-06-01 15:29:00
811,2.125,2.125,2.12,2.125,2500,2022-06-01 15:30:00
812,2.125,2.125,2.125,2.125,500,2022-06-01 15:31:00
813,2.12,2.125,2.12,2.125,200,2022-06-01 15:32:00
814,2.12,2.13,2.12,2.13,800,2022-06-01 15:33:00
815,2.13,2.13,2.125,2.125,4700,2022-06-01 15:34:00
816,2.13,2.13,2.12,2.13,4023,2022-06-01 15:35:00
817,2.12,2.13,2.12,2.13,400,2022-06-01 15:36:00
818,2.13,2.13,2.12,2.13,500,2022-06-01 15:37:00
819,2.13,2.13,2.125,2.13,1960,2022-06-01 15:38:00
820,2.125,2.13,2.125,2.13,900,2022-06-01 15:39:00
821,2.125,2.13,2.12,2.125,700,2022-06-01 15:40:00
822,2.13,2.13,2.125,2.125,500,2022-06-01 15:41:00
823,2.13,2.13,2.125,2.125,26068,2022-06-01 15:42:00
824,2.13,2.13,2.115,2.12,22170,2022-06-01 15:43:00
825,2.115,2.115,2.115,2.115,900,2022-06-01 15:44:00
826,2.11,2.115,2.11,2.115,1350,2022-06-01 15:45:00
827,2.115,2.115,2.115,2.115,600,2022-06-01 15:46:00
828,2.1166,2.12,2.1166,2.1183,3415,2022-06-01 15:47:00
829,2.115,2.115,2.115,2.115,1316,2022-06-01 15:48:00
830,2.115,2.115,2.115,2.115,200,2022-06-01 15:49:00
831,2.115,2.115,2.105,2.105,10449,2022-06-01 15:50:00
832,2.105,2.11,2.105,2.105,880,2022-06-01 15:51:00
833,2.105,2.1068,2.105,2.1068,1800,2022-06-01 15:52:00
834,2.105,2.105,2.105,2.105,300,2022-06-01 15:53:00
835,2.105,2.105,2.105,2.105,200,2022-06-01 15:54:00
836,2.105,2.105,2.105,2.105,500,2022-06-01 15:55:00
837,2.105,2.105,2.105,2.105,100,2022-06-01 15:56:00
838,2.105,2.105,2.105,2.105,100,2022-06-01 15:57:00
839,2.11,2.11,2.105,2.105,1600,2022-06-01 15:58:00
840,2.105,2.11,2.105,2.11,200,2022-06-01 15:59:00
841,2.11,2.11,2.105,2.11,500,2022-06-01 16:00:00
842,2.11,2.11,2.105,2.105,417,2022-06-01 16:01:00
843,2.11,2.11,2.105,2.11,1400,2022-06-01 16:02:00
844,2.11,2.11,2.105,2.105,600,2022-06-01 16:03:00
845,2.1,2.11,2.1,2.11,1000,2022-06-01 16:04:00
846,2.105,2.11,2.105,2.11,400,2022-06-01 16:05:00
847,2.11,2.11,2.105,2.105,900,2022-06-01 16:06:00
848,2.11,2.11,2.105,2.105,500,2022-06-01 16:07:00
849,2.1001,2.11,2.1,2.105,3850,2022-06-01 16:08:00
850,2.11,2.11,2.105,2.105,600,2022-06-01 16:09:00
851,2.11,2.11,2.105,2.11,800,2022-06-01 16:10:00
852,2.105,2.11,2.105,2.105,1185,2022-06-01 16:11:00
853,2.105,2.11,2.105,2.105,1308,2022-06-01 16:12:00
854,2.11,2.11,2.105,2.105,987,2022-06-01 16:13:00
855,2.11,2.11,2.105,2.105,600,2022-06-01 16:14:00
856,2.105,2.11,2.105,2.105,1588,2022-06-01 16:15:00
857,2.11,2.11,2.105,2.105,700,2022-06-01 16:16:00
858,2.105,2.11,2.105,2.105,1613,2022-06-01 16:17:00
859,2.105,2.11,2.1,2.105,837,2022-06-01 16:18:00
860,2.105,2.11,2.105,2.11,1200,2022-06-01 16:19:00
861,2.105,2.11,2.105,2.11,200,2022-06-01 16:20:00
862,2.105,2.11,2.105,2.105,900,2022-06-01 16:21:00
863,2.11,2.11,2.105,2.11,500,2022-06-01 16:22:00
864,2.11,2.11,2.1,2.1,25071,2022-06-01 16:23:00
865,2.1,2.1,2.1,2.1,1000,2022-06-01 16:24:00
866,2.1,2.1,2.1,2.1,200,2022-06-01 16:25:00
867,2.1,2.1,2.1,2.1,200,2022-06-01 16:26:00
868,2.1,2.1,2.1,2.1,100,2022-06-01 16:28:00
869,2.1,2.1,2.09,2.09,11755,2022-06-01 16:29:00
870,2.09,2.09,2.09,2.09,300,2022-06-01 16:30:00
871,2.095,2.1,2.09,2.1,1219,2022-06-01 16:32:00
872,2.095,2.1,2.095,2.095,1100,2022-06-01 16:33:00
873,2.095,2.095,2.095,2.095,100,2022-06-01 16:35:00
874,2.095,2.095,2.095,2.095,100,2022-06-01 16:36:00
875,2.095,2.0993,2.095,2.0993,257,2022-06-01 16:37:00
876,2.1,2.1,2.09,2.1,1400,2022-06-01 16:38:00
877,2.1,2.1,2.09,2.09,400,2022-06-01 16:39:00
878,2.1,2.1,2.095,2.1,700,2022-06-01 16:40:00
879,2.09,2.1,2.09,2.095,400,2022-06-01 16:41:00
880,2.1,2.1,2.095,2.095,300,2022-06-01 16:42:00
881,2.1,2.1,2.09,2.09,800,2022-06-01 16:43:00
882,2.09,2.09,2.07,2.075,12199,2022-06-01 16:44:00
883,2.07,2.07,2.07,2.07,200,2022-06-01 16:45:00
884,2.075,2.075,2.075,2.075,100,2022-06-01 16:47:00
885,2.07,2.07,2.07,2.07,300,2022-06-01 16:49:00
886,2.07,2.07,2.07,2.07,100,2022-06-01 16:50:00
887,2.07,2.07,2.07,2.07,100,2022-06-01 16:51:00
888,2.07,2.07,2.07,2.07,100,2022-06-01 16:52:00
889,2.075,2.075,2.075,2.075,200,2022-06-01 16:53:00
890,2.07,2.08,2.07,2.08,6687,2022-06-01 16:54:00
891,2.08,2.085,2.075,2.085,12340,2022-06-01 16:55:00
892,2.085,2.085,2.085,2.085,400,2022-06-01 16:56:00
893,2.08,2.085,2.08,2.085,800,2022-06-01 16:57:00
894,2.08,2.08,2.07,2.07,5200,2022-06-01 16:58:00
895,2.075,2.075,2.075,2.075,146,2022-06-01 16:59:00
896,2.07,2.075,2.07,2.075,500,2022-06-01 17:00:00
897,2.075,2.075,2.075,2.075,3526,2022-06-01 17:01:00
898,2.075,2.075,2.07,2.07,307,2022-06-01 17:02:00
899,2.075,2.075,2.075,2.075,100,2022-06-01 17:04:00
900,2.075,2.075,2.075,2.075,600,2022-06-01 17:05:00
901,2.08,2.08,2.075,2.075,500,2022-06-01 17:06:00
902,2.0799,2.08,2.075,2.08,693,2022-06-01 17:07:00
903,2.075,2.08,2.07,2.078,1700,2022-06-01 17:08:00
904,2.075,2.08,2.075,2.075,1500,2022-06-01 17:09:00
905,2.075,2.08,2.075,2.075,2450,2022-06-01 17:10:00
906,2.08,2.08,2.07,2.08,1573,2022-06-01 17:11:00
907,2.075,2.08,2.075,2.08,400,2022-06-01 17:12:00
908,2.075,2.08,2.075,2.08,600,2022-06-01 17:13:00
909,2.075,2.08,2.075,2.08,1000,2022-06-01 17:14:00
910,2.0763,2.08,2.07,2.07,550,2022-06-01 17:15:00
911,2.08,2.08,2.075,2.075,1718,2022-06-01 17:16:00
912,2.08,2.08,2.075,2.075,300,2022-06-01 17:17:00
913,2.075,2.08,2.075,2.075,1500,2022-06-01 17:18:00
914,2.08,2.08,2.075,2.075,400,2022-06-01 17:19:00
915,2.075,2.08,2.075,2.075,1300,2022-06-01 17:20:00
916,2.08,2.08,2.075,2.075,700,2022-06-01 17:21:00
917,2.075,2.08,2.065,2.065,5496,2022-06-01 17:22:00
918,2.065,2.065,2.065,2.065,200,2022-06-01 17:23:00
919,2.06,2.065,2.06,2.065,900,2022-06-01 17:24:00
920,2.065,2.065,2.065,2.065,100,2022-06-01 17:25:00
921,2.06,2.065,2.06,2.065,200,2022-06-01 17:26:00
922,2.065,2.065,2.065,2.065,100,2022-06-01 17:27:00
923,2.065,2.065,2.065,2.065,1500,2022-06-01 17:28:00
924,2.065,2.065,2.06,2.0618,680,2022-06-01 17:29:00
925,2.065,2.065,2.065,2.065,600,2022-06-01 17:30:00
926,2.06,2.06,2.06,2.06,1691,2022-06-01 17:31:00
927,2.06,2.06,2.06,2.06,2614,2022-06-01 17:32:00
928,2.07,2.07,2.065,2.065,2701,2022-06-01 17:33:00
929,2.065,2.07,2.065,2.065,2118,2022-06-01 17:34:00
930,2.065,2.075,2.06,2.075,20113,2022-06-01 17:35:00
931,2.075,2.075,2.075,2.075,1400,2022-06-01 17:36:00
932,2.075,2.08,2.075,2.08,400,2022-06-01 17:37:00
933,2.075,2.08,2.075,2.08,200,2022-06-01 17:38:00
934,2.08,2.08,2.075,2.08,400,2022-06-01 17:39:00
935,2.08,2.08,2.075,2.08,1300,2022-06-01 17:40:00
936,2.08,2.08,2.075,2.075,1100,2022-06-01 17:41:00
937,2.08,2.08,2.075,2.0795,1041,2022-06-01 17:42:00
938,2.08,2.08,2.075,2.075,400,2022-06-01 17:43:00
939,2.07,2.08,2.07,2.075,1200,2022-06-01 17:44:00
940,2.08,2.08,2.075,2.08,1400,2022-06-01 17:45:00
941,2.075,2.08,2.075,2.08,1200,2022-06-01 17:46:00
942,2.075,2.08,2.075,2.075,800,2022-06-01 17:47:00
943,2.075,2.08,2.075,2.075,800,2022-06-01 17:48:00
944,2.08,2.08,2.075,2.08,1200,2022-06-01 17:49:00
945,2.08,2.09,2.075,2.085,7935,2022-06-01 17:50:00
946,2.09,2.09,2.085,2.088,1000,2022-06-01 17:51:00
947,2.09,2.09,2.085,2.085,400,2022-06-01 17:52:00
948,2.085,2.09,2.085,2.09,300,2022-06-01 17:53:00
949,2.09,2.09,2.085,2.085,500,2022-06-01 17:54:00
950,2.09,2.09,2.085,2.085,300,2022-06-01 17:55:00
951,2.09,2.09,2.085,2.09,1331,2022-06-01 17:56:00
952,2.085,2.09,2.085,2.085,800,2022-06-01 17:57:00
953,2.09,2.09,2.085,2.085,5926,2022-06-01 17:58:00
954,2.085,2.09,2.085,2.09,400,2022-06-01 17:59:00
955,2.085,2.09,2.085,2.09,1600,2022-06-01 18:00:00
956,2.09,2.09,2.085,2.085,1100,2022-06-01 18:01:00
957,2.085,2.09,2.08,2.085,2648,2022-06-01 18:02:00
958,2.09,2.09,2.085,2.09,1931,2022-06-01 18:03:00
959,2.085,2.085,2.08,2.085,500,2022-06-01 18:04:00
960,2.09,2.09,2.085,2.085,1600,2022-06-01 18:05:00
961,2.085,2.0883,2.085,2.085,1119,2022-06-01 18:06:00
962,2.085,2.09,2.085,2.085,1600,2022-06-01 18:07:00
963,2.085,2.09,2.085,2.085,1962,2022-06-01 18:08:00
964,2.085,2.09,2.085,2.09,1000,2022-06-01 18:09:00
965,2.085,2.09,2.085,2.085,800,2022-06-01 18:10:00
966,2.085,2.09,2.085,2.085,1462,2022-06-01 18:11:00
967,2.09,2.09,2.085,2.085,1100,2022-06-01 18:12:00
968,2.085,2.09,2.08,2.085,4200,2022-06-01 18:13:00
969,2.085,2.09,2.085,2.09,1100,2022-06-01 18:14:00
970,2.085,2.09,2.08,2.08,2065,2022-06-01 18:15:00
971,2.085,2.09,2.08,2.09,1620,2022-06-01 18:16:00
972,2.085,2.09,2.08,2.08,600,2022-06-01 18:17:00
973,2.085,2.085,2.07,2.07,12449,2022-06-01 18:18:00
974,2.07,2.075,2.07,2.075,1100,2022-06-01 18:19:00
975,2.07,2.07,2.07,2.07,300,2022-06-01 18:20:00
976,2.075,2.075,2.07,2.07,300,2022-06-01 18:21:00
977,2.075,2.075,2.07,2.075,1100,2022-06-01 18:22:00
978,2.075,2.09,2.075,2.085,22921,2022-06-01 18:23:00
979,2.085,2.085,2.085,2.085,300,2022-06-01 18:24:00
980,2.085,2.09,2.085,2.09,1169,2022-06-01 18:25:00
981,2.085,2.09,2.08,2.085,800,2022-06-01 18:26:00
982,2.08,2.085,2.08,2.085,1566,2022-06-01 18:27:00
983,2.085,2.09,2.085,2.085,700,2022-06-01 18:28:00
984,2.085,2.09,2.085,2.09,1400,2022-06-01 18:29:00
985,2.085,2.1,2.085,2.095,8527,2022-06-01 18:30:00
986,2.1,2.1,2.095,2.1,2253,2022-06-01 18:31:00
987,2.1,2.1,2.095,2.095,2000,2022-06-01 18:32:00
988,2.1,2.1,2.095,2.095,2400,2022-06-01 18:33:00
989,2.095,2.1,2.095,2.095,500,2022-06-01 18:34:00
990,2.095,2.11,2.095,2.105,5473,2022-06-01 18:35:00
991,2.105,2.11,2.105,2.105,1900,2022-06-01 18:36:00
992,2.105,2.105,2.105,2.105,3382,2022-06-01 18:37:00
993,2.105,2.105,2.105,2.105,600,2022-06-01 18:38:00
994,2.11,2.11,2.1,2.1,800,2022-06-01 18:39:00
995,2.105,2.11,2.1,2.1,1450,2022-06-01 18:40:00
996,2.1,2.11,2.1,2.105,2301,2022-06-01 18:41:00
997,2.105,2.11,2.105,2.11,1100,2022-06-01 18:42:00
998,2.105,2.11,2.105,2.11,300,2022-06-01 18:43:00
999,2.1,2.11,2.1,2.105,2200,2022-06-01 18:44:00
1000,2.105,2.11,2.1,2.105,1200,2022-06-01 18:45:00
1001,2.11,2.11,2.1,2.105,1250,2022-06-01 18:46:00
1002,2.105,2.11,2.1,2.105,1000,2022-06-01 18:47:00
1003,2.105,2.11,2.105,2.11,1100,2022-06-01 18:48:00
1004,2.11,2.11,2.105,2.105,1000,2022-06-01 18:49:00
1005,2.11,2.11,2.105,2.11,1400,2022-06-01 18:50:00
1006,2.11,2.11,2.1,2.11,900,2022-06-01 18:51:00
1007,2.11,2.11,2.105,2.105,1114,2022-06-01 18:52:00
1008,2.11,2.11,2.095,2.105,33916,2022-06-01 18:53:00
1009,2.1054,2.1054,2.1,2.1,600,2022-06-01 18:54:00
1010,2.11,2.11,2.1,2.105,3600,2022-06-01 18:55:00
1011,2.105,2.105,2.105,2.105,400,2022-06-01 18:56:00
1012,2.1083,2.1083,2.105,2.105,1400,2022-06-01 18:57:00
1013,2.105,2.105,2.105,2.105,300,2022-06-01 18:58:00
1014,2.105,2.11,2.105,2.105,2474,2022-06-01 18:59:00
1015,2.11,2.11,2.105,2.105,1100,2022-06-01 19:00:00
1016,2.105,2.12,2.105,2.115,6756,2022-06-01 19:01:00
1017,2.115,2.12,2.115,2.12,900,2022-06-01 19:02:00
1018,2.12,2.12,2.11,2.11,5500,2022-06-01 19:03:00
1019,2.115,2.12,2.11,2.115,3266,2022-06-01 19:04:00
1020,2.115,2.12,2.11,2.11,3028,2022-06-01 19:05:00
1021,2.12,2.12,2.115,2.115,3802,2022-06-01 19:06:00
1022,2.1128,2.12,2.1128,2.115,1434,2022-06-01 19:07:00
1023,2.115,2.12,2.115,2.115,3264,2022-06-01 19:08:00
1024,2.115,2.12,2.115,2.115,1000,2022-06-01 19:09:00
1025,2.115,2.12,2.115,2.115,1000,2022-06-01 19:10:00
1026,2.115,2.125,2.115,2.115,61725,2022-06-01 19:11:00
1027,2.115,2.12,2.115,2.12,600,2022-06-01 19:12:00
1028,2.115,2.12,2.115,2.115,1395,2022-06-01 19:13:00
1029,2.115,2.12,2.115,2.12,1845,2022-06-01 19:14:00
1030,2.115,2.12,2.115,2.115,1000,2022-06-01 19:15:00
1031,2.115,2.12,2.115,2.12,1300,2022-06-01 19:16:00
1032,2.12,2.12,2.1127,2.12,40776,2022-06-01 19:17:00
1033,2.12,2.12,2.115,2.115,3500,2022-06-01 19:18:00
1034,2.12,2.12,2.11,2.12,2090,2022-06-01 19:19:00
1035,2.12,2.12,2.115,2.115,8300,2022-06-01 19:20:00
1036,2.115,2.12,2.11,2.12,3800,2022-06-01 19:21:00
1037,2.115,2.12,2.115,2.115,600,2022-06-01 19:22:00
1038,2.115,2.12,2.11,2.12,1000,2022-06-01 19:23:00
1039,2.115,2.115,2.1,2.105,19446,2022-06-01 19:24:00
1040,2.105,2.105,2.1,2.105,1100,2022-06-01 19:25:00
1041,2.1,2.1,2.09,2.095,10573,2022-06-01 19:26:00
1042,2.095,2.095,2.09,2.09,400,2022-06-01 19:27:00
1043,2.09,2.095,2.09,2.095,800,2022-06-01 19:28:00
1044,2.09,2.095,2.09,2.09,500,2022-06-01 19:29:00
1045,2.09,2.095,2.085,2.085,16087,2022-06-01 19:30:00
1046,2.085,2.085,2.08,2.08,1300,2022-06-01 19:31:00
1047,2.08,2.085,2.08,2.08,600,2022-06-01 19:32:00
1048,2.08,2.08,2.08,2.08,400,2022-06-01 19:33:00
1049,2.085,2.085,2.07,2.07,6964,2022-06-01 19:34:00
1050,2.07,2.075,2.07,2.07,800,2022-06-01 19:35:00
1051,2.07,2.0782,2.07,2.0782,439,2022-06-01 19:36:00
1052,2.07,2.07,2.07,2.07,6498,2022-06-01 19:37:00
1053,2.07,2.0799,2.07,2.0799,1784,2022-06-01 19:38:00
1054,2.075,2.075,2.075,2.075,2672,2022-06-01 19:39:00
1055,2.075,2.08,2.075,2.075,2503,2022-06-01 19:40:00
1056,2.075,2.0781,2.075,2.075,2351,2022-06-01 19:41:00
1057,2.075,2.08,2.075,2.075,1644,2022-06-01 19:42:00
1058,2.08,2.08,2.07,2.08,3600,2022-06-01 19:43:00
1059,2.075,2.08,2.0706,2.075,9990,2022-06-01 19:44:00
1060,2.075,2.0799,2.07,2.075,2027,2022-06-01 19:45:00
1061,2.08,2.08,2.07,2.075,2600,2022-06-01 19:46:00
1062,2.075,2.08,2.07,2.07,3210,2022-06-01 19:47:00
1063,2.08,2.08,2.075,2.08,1900,2022-06-01 19:48:00
1064,2.075,2.09,2.075,2.09,28435,2022-06-01 19:49:00
1065,2.085,2.09,2.085,2.09,4000,2022-06-01 19:50:00
1066,2.085,2.09,2.08,2.09,4144,2022-06-01 19:51:00
1067,2.09,2.09,2.08,2.09,3369,2022-06-01 19:52:00
1068,2.09,2.09,2.08,2.09,4838,2022-06-01 19:53:00
1069,2.085,2.09,2.08,2.085,3530,2022-06-01 19:54:00
1070,2.085,2.09,2.08,2.09,6317,2022-06-01 19:55:00
1071,2.09,2.09,2.08,2.085,20746,2022-06-01 19:56:00
1072,2.085,2.09,2.0813,2.085,12246,2022-06-01 19:57:00
1073,2.09,2.09,2.08,2.09,17320,2022-06-01 19:58:00
1074,2.09,2.09,2.08,2.085,36852,2022-06-01 19:59:00
1075,2.09,2.09,2.09,2.09,40203,2022-06-01 20:00:00
1076,2.11,2.11,2.11,2.11,2500,2022-06-01 20:11:00
1077,2.08,2.08,2.08,2.08,150,2022-06-01 22:04:00
1078,2.1,2.13,2.09,2.09,59949,2022-06-02 13:30:00
1079,2.08,2.08,2.06,2.065,8154,2022-06-02 13:31:00
1080,2.07,2.07,2.06,2.06,1377,2022-06-02 13:32:00
1081,2.06,2.06,2.06,2.06,200,2022-06-02 13:33:00
1082,2.0666,2.0666,2.04,2.04,5175,2022-06-02 13:34:00
1083,2.045,2.065,2.045,2.065,5770,2022-06-02 13:35:00
1084,2.06,2.065,2.06,2.065,7089,2022-06-02 13:36:00
1085,2.0616,2.075,2.0616,2.07,7535,2022-06-02 13:37:00
1086,2.07,2.075,2.07,2.07,3889,2022-06-02 13:38:00
1087,2.07,2.07,2.07,2.07,2436,2022-06-02 13:39:00
1088,2.07,2.07,2.07,2.07,2360,2022-06-02 13:40:00
1089,2.07,2.07,2.06,2.06,4720,2022-06-02 13:41:00
1090,2.06,2.06,2.06,2.06,900,2022-06-02 13:42:00
1091,2.07,2.08,2.07,2.08,1250,2022-06-02 13:43:00
1092,2.08,2.09,2.08,2.09,3527,2022-06-02 13:46:00
1093,2.09,2.09,2.09,2.09,100,2022-06-02 13:48:00
1094,2.09,2.1,2.09,2.1,4300,2022-06-02 13:49:00
1095,2.11,2.11,2.11,2.11,300,2022-06-02 13:50:00
1096,2.11,2.11,2.11,2.11,300,2022-06-02 13:51:00
1097,2.11,2.11,2.11,2.11,300,2022-06-02 13:52:00
1098,2.11,2.11,2.11,2.11,400,2022-06-02 13:53:00
1099,2.11,2.11,2.11,2.11,200,2022-06-02 13:54:00
1100,2.1,2.105,2.08,2.08,22662,2022-06-02 13:55:00
1101,2.08,2.08,2.08,2.08,600,2022-06-02 13:56:00
1102,2.0754,2.0754,2.07,2.07,700,2022-06-02 13:57:00
1103,2.07,2.0799,2.06,2.0799,2000,2022-06-02 13:58:00
1104,2.08,2.08,2.08,2.08,2176,2022-06-02 13:59:00
1105,2.09,2.09,2.09,2.09,500,2022-06-02 14:00:00
1106,2.1,2.11,2.1,2.11,700,2022-06-02 14:01:00
1107,2.11,2.11,2.11,2.11,600,2022-06-02 14:02:00
1108,2.11,2.11,2.11,2.11,100,2022-06-02 14:03:00
1109,2.105,2.105,2.105,2.105,100,2022-06-02 14:04:00
1110,2.11,2.11,2.1,2.1,800,2022-06-02 14:05:00
1111,2.11,2.11,2.1,2.105,1339,2022-06-02 14:06:00
1112,2.11,2.11,2.11,2.11,300,2022-06-02 14:07:00
1113,2.11,2.12,2.11,2.115,25532,2022-06-02 14:08:00
1114,2.12,2.12,2.12,2.12,100,2022-06-02 14:09:00
1115,2.12,2.13,2.12,2.13,1900,2022-06-02 14:10:00
1116,2.13,2.14,2.13,2.14,991,2022-06-02 14:11:00
1117,2.135,2.14,2.13,2.13,1483,2022-06-02 14:12:00
1118,2.14,2.15,2.14,2.1496,4011,2022-06-02 14:13:00
1119,2.15,2.15,2.14,2.15,400,2022-06-02 14:14:00
1120,2.15,2.15,2.1499,2.1499,450,2022-06-02 14:15:00
1121,2.15,2.15,2.15,2.15,300,2022-06-02 14:16:00
1122,2.15,2.15,2.14,2.145,1000,2022-06-02 14:17:00
1123,2.145,2.145,2.13,2.135,8679,2022-06-02 14:18:00
1124,2.135,2.1399,2.135,2.1399,255,2022-06-02 14:19:00
1125,2.13,2.13,2.13,2.13,1409,2022-06-02 14:20:00
1126,2.13,2.13,2.1143,2.115,3751,2022-06-02 14:21:00
1127,2.11,2.12,2.11,2.12,4777,2022-06-02 14:23:00
1128,2.12,2.12,2.11,2.115,8171,2022-06-02 14:24:00
1129,2.115,2.115,2.115,2.115,100,2022-06-02 14:25:00
1130,2.12,2.12,2.12,2.12,100,2022-06-02 14:26:00
1131,2.11,2.11,2.11,2.11,300,2022-06-02 14:27:00
1132,2.11,2.11,2.11,2.11,549,2022-06-02 14:28:00
1133,2.12,2.12,2.11,2.11,200,2022-06-02 14:29:00
1134,2.115,2.12,2.115,2.12,2255,2022-06-02 14:30:00
1135,2.13,2.145,2.13,2.14,3204,2022-06-02 14:31:00
1136,2.15,2.15,2.145,2.15,527,2022-06-02 14:32:00
1137,2.1448,2.15,2.1448,2.145,1460,2022-06-02 14:33:00
1138,2.145,2.155,2.145,2.15,6957,2022-06-02 14:35:00
1139,2.15,2.155,2.14,2.14,8367,2022-06-02 14:36:00
1140,2.14,2.14,2.135,2.14,4508,2022-06-02 14:37:00
1141,2.145,2.145,2.145,2.145,300,2022-06-02 14:38:00
1142,2.145,2.145,2.14,2.14,200,2022-06-02 14:39:00
1143,2.145,2.145,2.14,2.145,600,2022-06-02 14:40:00
1144,2.1487,2.15,2.14,2.15,1400,2022-06-02 14:41:00
1145,2.145,2.145,2.145,2.145,500,2022-06-02 14:42:00
1146,2.145,2.145,2.14,2.14,900,2022-06-02 14:43:00
1147,2.145,2.15,2.145,2.145,800,2022-06-02 14:44:00
1148,2.145,2.145,2.145,2.145,500,2022-06-02 14:45:00
1149,2.145,2.145,2.14,2.14,900,2022-06-02 14:46:00
1150,2.145,2.15,2.145,2.15,300,2022-06-02 14:47:00
1151,2.15,2.15,2.145,2.145,800,2022-06-02 14:48:00
1152,2.145,2.145,2.145,2.145,900,2022-06-02 14:49:00
1153,2.145,2.15,2.14,2.15,1153,2022-06-02 14:50:00
1154,2.145,2.145,2.145,2.145,800,2022-06-02 14:51:00
1155,2.145,2.145,2.145,2.145,500,2022-06-02 14:52:00
1156,2.145,2.15,2.145,2.15,1499,2022-06-02 14:53:00
1157,2.145,2.145,2.145,2.145,700,2022-06-02 14:54:00
1158,2.145,2.16,2.135,2.155,56336,2022-06-02 14:55:00
1159,2.155,2.155,2.155,2.155,100,2022-06-02 14:56:00
1160,2.16,2.16,2.155,2.155,800,2022-06-02 14:57:00
1161,2.155,2.155,2.155,2.155,300,2022-06-02 14:58:00
1162,2.155,2.155,2.15,2.15,200,2022-06-02 14:59:00
1163,2.16,2.16,2.15,2.155,3192,2022-06-02 15:00:00
1164,2.155,2.16,2.155,2.155,1000,2022-06-02 15:01:00
1165,2.155,2.16,2.15,2.155,2650,2022-06-02 15:02:00
1166,2.16,2.17,2.155,2.165,9196,2022-06-02 15:03:00
1167,2.17,2.17,2.165,2.165,1000,2022-06-02 15:04:00
1168,2.17,2.17,2.16,2.165,3857,2022-06-02 15:05:00
1169,2.165,2.17,2.15,2.15,35873,2022-06-02 15:06:00
1170,2.15,2.15,2.15,2.15,600,2022-06-02 15:07:00
1171,2.16,2.16,2.16,2.16,100,2022-06-02 15:09:00
1172,2.155,2.155,2.155,2.155,600,2022-06-02 15:10:00
1173,2.155,2.16,2.15,2.155,1393,2022-06-02 15:11:00
1174,2.155,2.16,2.155,2.155,600,2022-06-02 15:12:00
1175,2.155,2.155,2.155,2.155,200,2022-06-02 15:13:00
1176,2.16,2.17,2.16,2.165,8559,2022-06-02 15:14:00
1177,2.165,2.17,2.165,2.17,600,2022-06-02 15:15:00
1178,2.165,2.17,2.165,2.17,200,2022-06-02 15:16:00
1179,2.17,2.17,2.165,2.165,1700,2022-06-02 15:17:00
1180,2.17,2.17,2.16,2.165,6400,2022-06-02 15:18:00
1181,2.17,2.17,2.165,2.165,900,2022-06-02 15:19:00
1182,2.17,2.17,2.165,2.165,500,2022-06-02 15:20:00
1183,2.165,2.17,2.165,2.17,400,2022-06-02 15:21:00
1184,2.165,2.17,2.165,2.165,900,2022-06-02 15:22:00
1185,2.17,2.17,2.165,2.17,600,2022-06-02 15:23:00
1186,2.17,2.18,2.165,2.175,16009,2022-06-02 15:24:00
1187,2.18,2.18,2.17,2.175,400,2022-06-02 15:25:00
1188,2.18,2.18,2.18,2.18,300,2022-06-02 15:26:00
1189,2.18,2.19,2.1799,2.19,5963,2022-06-02 15:27:00
1190,2.185,2.19,2.18,2.19,11100,2022-06-02 15:28:00
1191,2.19,2.19,2.19,2.19,400,2022-06-02 15:29:00
1192,2.19,2.19,2.18,2.19,423,2022-06-02 15:30:00
1193,2.19,2.2,2.19,2.2,2491,2022-06-02 15:31:00
1194,2.195,2.2,2.195,2.2,300,2022-06-02 15:32:00
1195,2.2,2.2,2.195,2.195,953,2022-06-02 15:33:00
1196,2.2,2.2,2.2,2.2,300,2022-06-02 15:34:00
1197,2.2,2.2,2.195,2.2,800,2022-06-02 15:35:00
1198,2.2,2.2,2.2,2.2,200,2022-06-02 15:36:00
1199,2.195,2.21,2.195,2.205,10612,2022-06-02 15:37:00
1200,2.21,2.21,2.205,2.205,1300,2022-06-02 15:38:00
1201,2.205,2.21,2.205,2.21,400,2022-06-02 15:39:00
1202,2.205,2.21,2.205,2.205,731,2022-06-02 15:40:00
1203,2.21,2.22,2.21,2.22,4490,2022-06-02 15:41:00
1204,2.22,2.22,2.215,2.22,300,2022-06-02 15:42:00
1205,2.22,2.22,2.2184,2.2184,600,2022-06-02 15:43:00
1206,2.22,2.22,2.215,2.22,3896,2022-06-02 15:44:00
1207,2.215,2.215,2.2,2.21,11903,2022-06-02 15:45:00
1208,2.208,2.2182,2.205,2.215,11472,2022-06-02 15:46:00
1209,2.215,2.215,2.2,2.205,14612,2022-06-02 15:47:00
1210,2.21,2.21,2.205,2.205,300,2022-06-02 15:49:00
1211,2.2036,2.205,2.202,2.202,405,2022-06-02 15:51:00
1212,2.205,2.21,2.205,2.205,2459,2022-06-02 15:54:00
1213,2.21,2.21,2.205,2.21,800,2022-06-02 15:55:00
1214,2.205,2.205,2.205,2.205,1312,2022-06-02 15:56:00
1215,2.2,2.21,2.2,2.21,5300,2022-06-02 15:57:00
1216,2.2,2.2,2.19,2.195,9698,2022-06-02 15:58:00
1217,2.195,2.195,2.195,2.195,313,2022-06-02 15:59:00
1218,2.195,2.195,2.195,2.195,700,2022-06-02 16:00:00
1219,2.1999,2.2,2.195,2.195,300,2022-06-02 16:01:00
1220,2.195,2.195,2.195,2.195,100,2022-06-02 16:02:00
1221,2.195,2.205,2.195,2.205,10395,2022-06-02 16:03:00
1222,2.21,2.21,2.205,2.21,677,2022-06-02 16:04:00
1223,2.205,2.205,2.205,2.205,100,2022-06-02 16:06:00
1224,2.21,2.21,2.21,2.21,200,2022-06-02 16:07:00
1225,2.21,2.21,2.205,2.21,600,2022-06-02 16:08:00
1226,2.21,2.22,2.205,2.22,7058,2022-06-02 16:09:00
1227,2.215,2.22,2.215,2.22,700,2022-06-02 16:10:00
1228,2.22,2.24,2.22,2.24,19749,2022-06-02 16:11:00
1229,2.24,2.24,2.235,2.24,600,2022-06-02 16:12:00
1230,2.24,2.24,2.235,2.24,2300,2022-06-02 16:13:00
1231,2.235,2.24,2.23,2.235,2550,2022-06-02 16:14:00
1232,2.23,2.235,2.21,2.21,26186,2022-06-02 16:15:00
1233,2.21,2.215,2.21,2.21,3739,2022-06-02 16:16:00
1234,2.21,2.21,2.2,2.205,10033,2022-06-02 16:17:00
1235,2.205,2.205,2.205,2.205,400,2022-06-02 16:18:00
1236,2.205,2.205,2.205,2.205,533,2022-06-02 16:19:00
1237,2.205,2.205,2.2,2.205,800,2022-06-02 16:20:00
1238,2.202,2.205,2.2,2.2,14600,2022-06-02 16:21:00
1239,2.2,2.21,2.2,2.21,1923,2022-06-02 16:22:00
1240,2.205,2.205,2.205,2.205,300,2022-06-02 16:23:00
1241,2.2,2.2,2.19,2.19,15834,2022-06-02 16:24:00
1242,2.2,2.2,2.195,2.195,400,2022-06-02 16:25:00
1243,2.19,2.19,2.19,2.19,100,2022-06-02 16:27:00
1244,2.195,2.2,2.195,2.195,1000,2022-06-02 16:28:00
1245,2.2,2.2,2.195,2.195,300,2022-06-02 16:29:00
1246,2.195,2.195,2.1919,2.195,600,2022-06-02 16:30:00
1247,2.195,2.2,2.19,2.2,1400,2022-06-02 16:31:00
1248,2.2,2.2,2.19,2.195,600,2022-06-02 16:32:00
1249,2.2,2.21,2.2,2.21,9942,2022-06-02 16:33:00
1250,2.2063,2.21,2.205,2.21,1078,2022-06-02 16:34:00
1251,2.21,2.21,2.21,2.21,400,2022-06-02 16:35:00
1252,2.21,2.21,2.205,2.21,650,2022-06-02 16:36:00
1253,2.205,2.21,2.205,2.21,300,2022-06-02 16:37:00
1254,2.21,2.21,2.21,2.21,447,2022-06-02 16:38:00
1255,2.21,2.21,2.205,2.21,720,2022-06-02 16:39:00
1256,2.21,2.215,2.21,2.215,2770,2022-06-02 16:40:00
1257,2.22,2.22,2.22,2.22,400,2022-06-02 16:41:00
1258,2.215,2.215,2.21,2.215,2100,2022-06-02 16:42:00
1259,2.215,2.215,2.2,2.205,16500,2022-06-02 16:43:00
1260,2.2028,2.2028,2.195,2.195,6391,2022-06-02 16:47:00
1261,2.19,2.195,2.18,2.18,57832,2022-06-02 16:48:00
1262,2.185,2.185,2.185,2.185,900,2022-06-02 16:50:00
1263,2.185,2.185,2.185,2.185,325,2022-06-02 16:51:00
1264,2.185,2.2,2.185,2.2,6734,2022-06-02 16:52:00
1265,2.21,2.21,2.205,2.205,300,2022-06-02 16:53:00
1266,2.205,2.21,2.205,2.21,200,2022-06-02 16:55:00
1267,2.21,2.21,2.21,2.21,200,2022-06-02 16:56:00
1268,2.21,2.21,2.21,2.21,100,2022-06-02 16:57:00
1269,2.21,2.21,2.205,2.21,1150,2022-06-02 16:58:00
1270,2.205,2.21,2.205,2.21,580,2022-06-02 16:59:00
1271,2.205,2.21,2.205,2.21,800,2022-06-02 17:00:00
1272,2.21,2.21,2.205,2.21,700,2022-06-02 17:01:00
1273,2.21,2.21,2.205,2.205,600,2022-06-02 17:02:00
1274,2.205,2.21,2.205,2.21,1000,2022-06-02 17:03:00
1275,2.2082,2.21,2.205,2.21,600,2022-06-02 17:04:00
1276,2.205,2.21,2.2,2.21,800,2022-06-02 17:05:00
1277,2.21,2.21,2.205,2.21,1864,2022-06-02 17:06:00
1278,2.21,2.21,2.205,2.205,800,2022-06-02 17:07:00
1279,2.21,2.21,2.205,2.205,600,2022-06-02 17:08:00
1280,2.21,2.21,2.2,2.205,700,2022-06-02 17:09:00
1281,2.21,2.21,2.205,2.21,1302,2022-06-02 17:10:00
1282,2.205,2.21,2.205,2.205,1000,2022-06-02 17:11:00
1283,2.2,2.205,2.2,2.2,8557,2022-06-02 17:12:00
1284,2.2,2.205,2.2,2.205,200,2022-06-02 17:13:00
1285,2.2,2.2,2.19,2.195,11653,2022-06-02 17:14:00
1286,2.195,2.195,2.195,2.195,339,2022-06-02 17:15:00
1287,2.19,2.195,2.19,2.195,200,2022-06-02 17:16:00
1288,2.195,2.2,2.195,2.195,700,2022-06-02 17:17:00
1289,2.195,2.195,2.195,2.195,674,2022-06-02 17:18:00
1290,2.19,2.195,2.19,2.195,300,2022-06-02 17:19:00
1291,2.195,2.2,2.19,2.2,400,2022-06-02 17:20:00
1292,2.195,2.195,2.19,2.19,700,2022-06-02 17:21:00
1293,2.195,2.1987,2.195,2.195,1300,2022-06-02 17:22:00
1294,2.195,2.21,2.19,2.21,12251,2022-06-02 17:23:00
1295,2.21,2.21,2.21,2.21,100,2022-06-02 17:24:00
1296,2.205,2.21,2.205,2.21,200,2022-06-02 17:25:00
1297,2.205,2.21,2.205,2.21,300,2022-06-02 17:26:00
1298,2.21,2.21,2.205,2.21,700,2022-06-02 17:27:00
1299,2.205,2.205,2.205,2.205,200,2022-06-02 17:28:00
1300,2.205,2.21,2.2,2.21,10741,2022-06-02 17:29:00
1301,2.21,2.21,2.2,2.205,1747,2022-06-02 17:30:00
1302,2.205,2.21,2.205,2.21,300,2022-06-02 17:31:00
1303,2.21,2.21,2.205,2.21,700,2022-06-02 17:32:00
1304,2.205,2.22,2.205,2.215,4994,2022-06-02 17:33:00
1305,2.22,2.22,2.215,2.215,863,2022-06-02 17:34:00
1306,2.215,2.22,2.215,2.22,400,2022-06-02 17:35:00
1307,2.22,2.22,2.215,2.22,800,2022-06-02 17:36:00
1308,2.22,2.22,2.22,2.22,600,2022-06-02 17:37:00
1309,2.22,2.22,2.215,2.22,600,2022-06-02 17:38:00
1310,2.22,2.22,2.22,2.22,400,2022-06-02 17:39:00
1311,2.215,2.22,2.215,2.215,500,2022-06-02 17:40:00
1312,2.22,2.22,2.22,2.22,800,2022-06-02 17:41:00
1313,2.215,2.22,2.215,2.22,300,2022-06-02 17:42:00
1314,2.215,2.22,2.215,2.215,400,2022-06-02 17:43:00
1315,2.215,2.22,2.215,2.22,776,2022-06-02 17:44:00
1316,2.22,2.22,2.215,2.22,1600,2022-06-02 17:45:00
1317,2.22,2.22,2.215,2.22,800,2022-06-02 17:46:00
1318,2.215,2.22,2.215,2.22,500,2022-06-02 17:47:00
1319,2.22,2.22,2.215,2.215,600,2022-06-02 17:48:00
1320,2.22,2.22,2.215,2.215,1100,2022-06-02 17:49:00
1321,2.22,2.22,2.215,2.215,700,2022-06-02 17:50:00
1322,2.22,2.22,2.2198,2.2198,757,2022-06-02 17:51:00
1323,2.215,2.22,2.215,2.22,800,2022-06-02 17:52:00
1324,2.22,2.22,2.215,2.215,300,2022-06-02 17:53:00
1325,2.22,2.22,2.215,2.22,900,2022-06-02 17:54:00
1326,2.22,2.22,2.215,2.215,700,2022-06-02 17:55:00
1327,2.215,2.22,2.215,2.22,400,2022-06-02 17:56:00
1328,2.22,2.23,2.22,2.23,5588,2022-06-02 17:57:00
1329,2.23,2.23,2.23,2.23,300,2022-06-02 17:58:00
1330,2.225,2.23,2.225,2.23,700,2022-06-02 17:59:00
1331,2.23,2.23,2.225,2.23,500,2022-06-02 18:00:00
1332,2.23,2.23,2.23,2.23,971,2022-06-02 18:01:00
1333,2.23,2.23,2.225,2.23,500,2022-06-02 18:02:00
1334,2.23,2.23,2.225,2.225,400,2022-06-02 18:03:00
1335,2.23,2.23,2.225,2.225,1200,2022-06-02 18:04:00
1336,2.23,2.23,2.225,2.225,800,2022-06-02 18:05:00
1337,2.23,2.23,2.225,2.23,600,2022-06-02 18:06:00
1338,2.23,2.23,2.23,2.23,500,2022-06-02 18:07:00
1339,2.225,2.23,2.225,2.225,762,2022-06-02 18:08:00
1340,2.23,2.23,2.225,2.23,600,2022-06-02 18:09:00
1341,2.23,2.23,2.225,2.23,800,2022-06-02 18:10:00
1342,2.23,2.235,2.23,2.235,10272,2022-06-02 18:11:00
1343,2.235,2.235,2.22,2.225,29164,2022-06-02 18:12:00
1344,2.23,2.235,2.23,2.235,6360,2022-06-02 18:13:00
1345,2.235,2.235,2.235,2.235,1700,2022-06-02 18:14:00
1346,2.235,2.235,2.235,2.235,100,2022-06-02 18:15:00
1347,2.24,2.24,2.235,2.235,600,2022-06-02 18:16:00
1348,2.235,2.235,2.225,2.225,11609,2022-06-02 18:17:00
1349,2.22,2.22,2.22,2.22,545,2022-06-02 18:18:00
1350,2.23,2.23,2.22,2.22,3771,2022-06-02 18:19:00
1351,2.22,2.22,2.22,2.22,876,2022-06-02 18:20:00
1352,2.22,2.225,2.22,2.22,1933,2022-06-02 18:21:00
1353,2.22,2.225,2.22,2.225,1650,2022-06-02 18:22:00
1354,2.22,2.225,2.22,2.225,1595,2022-06-02 18:23:00
1355,2.22,2.225,2.22,2.22,500,2022-06-02 18:24:00
1356,2.225,2.225,2.225,2.225,600,2022-06-02 18:25:00
1357,2.225,2.225,2.225,2.225,500,2022-06-02 18:27:00
1358,2.23,2.23,2.225,2.225,1056,2022-06-02 18:28:00
1359,2.22,2.225,2.22,2.225,300,2022-06-02 18:29:00
1360,2.225,2.225,2.225,2.225,400,2022-06-02 18:30:00
1361,2.23,2.23,2.225,2.225,600,2022-06-02 18:31:00
1362,2.225,2.23,2.22,2.225,700,2022-06-02 18:32:00
1363,2.23,2.23,2.225,2.23,300,2022-06-02 18:33:00
1364,2.23,2.23,2.225,2.225,1200,2022-06-02 18:34:00
1365,2.22,2.23,2.22,2.23,400,2022-06-02 18:35:00
1366,2.225,2.23,2.225,2.225,1000,2022-06-02 18:36:00
1367,2.225,2.23,2.225,2.23,800,2022-06-02 18:37:00
1368,2.23,2.23,2.21,2.215,39296,2022-06-02 18:38:00
1369,2.2101,2.215,2.2101,2.215,600,2022-06-02 18:39:00
1370,2.21,2.22,2.21,2.215,800,2022-06-02 18:40:00
1371,2.21,2.215,2.2,2.2,13300,2022-06-02 18:41:00
1372,2.2,2.2,2.2,2.2,200,2022-06-02 18:42:00
1373,2.2,2.2,2.2,2.2,200,2022-06-02 18:43:00
1374,2.205,2.205,2.2,2.2,300,2022-06-02 18:44:00
1375,2.2,2.205,2.2,2.2028,1300,2022-06-02 18:45:00
1376,2.2,2.205,2.2,2.2,1159,2022-06-02 18:46:00
1377,2.2,2.205,2.2,2.205,300,2022-06-02 18:47:00
1378,2.204,2.215,2.2,2.215,14531,2022-06-02 18:48:00
1379,2.215,2.22,2.21,2.22,900,2022-06-02 18:49:00
1380,2.22,2.22,2.22,2.22,200,2022-06-02 18:50:00
1381,2.22,2.22,2.22,2.22,200,2022-06-02 18:51:00
1382,2.22,2.22,2.22,2.22,1200,2022-06-02 18:52:00
1383,2.22,2.22,2.22,2.22,100,2022-06-02 18:53:00
1384,2.215,2.22,2.215,2.22,500,2022-06-02 18:54:00
1385,2.22,2.22,2.215,2.22,600,2022-06-02 18:55:00
1386,2.215,2.22,2.215,2.22,800,2022-06-02 18:56:00
1387,2.215,2.22,2.215,2.215,600,2022-06-02 18:57:00
1388,2.22,2.22,2.215,2.22,600,2022-06-02 18:58:00
1389,2.22,2.22,2.215,2.215,600,2022-06-02 18:59:00
1390,2.215,2.215,2.2,2.2,18664,2022-06-02 19:00:00
1391,2.2,2.2,2.195,2.195,6516,2022-06-02 19:01:00
1392,2.195,2.195,2.195,2.195,1600,2022-06-02 19:02:00
1393,2.2,2.205,2.2,2.205,6570,2022-06-02 19:03:00
1394,2.205,2.205,2.205,2.205,400,2022-06-02 19:04:00
1395,2.21,2.21,2.2019,2.205,510,2022-06-02 19:05:00
1396,2.2084,2.2084,2.2084,2.2084,323,2022-06-02 19:06:00
1397,2.205,2.205,2.205,2.205,100,2022-06-02 19:07:00
1398,2.205,2.21,2.2001,2.205,10400,2022-06-02 19:08:00
1399,2.21,2.21,2.205,2.21,400,2022-06-02 19:09:00
1400,2.205,2.205,2.205,2.205,310,2022-06-02 19:10:00
1401,2.21,2.21,2.205,2.21,600,2022-06-02 19:11:00
1402,2.21,2.21,2.205,2.205,800,2022-06-02 19:12:00
1403,2.21,2.21,2.205,2.21,600,2022-06-02 19:13:00
1404,2.21,2.21,2.2,2.205,3400,2022-06-02 19:14:00
1405,2.205,2.21,2.205,2.205,500,2022-06-02 19:15:00
1406,2.21,2.21,2.205,2.205,1200,2022-06-02 19:16:00
1407,2.21,2.21,2.205,2.205,1312,2022-06-02 19:17:00
1408,2.21,2.21,2.205,2.21,600,2022-06-02 19:18:00
1409,2.21,2.21,2.205,2.21,700,2022-06-02 19:19:00
1410,2.2,2.21,2.2,2.21,5521,2022-06-02 19:20:00
1411,2.205,2.205,2.2,2.2,600,2022-06-02 19:21:00
1412,2.21,2.21,2.185,2.185,25305,2022-06-02 19:22:00
1413,2.185,2.185,2.18,2.185,700,2022-06-02 19:23:00
1414,2.185,2.1899,2.18,2.18,5994,2022-06-02 19:24:00
1415,2.18,2.18,2.18,2.18,976,2022-06-02 19:25:00
1416,2.18,2.18,2.17,2.175,17208,2022-06-02 19:26:00
1417,2.17,2.17,2.155,2.16,89387,2022-06-02 19:27:00
1418,2.165,2.165,2.16,2.165,710,2022-06-02 19:29:00
1419,2.16,2.165,2.16,2.16,800,2022-06-02 19:30:00
1420,2.16,2.165,2.16,2.16,1125,2022-06-02 19:31:00
1421,2.16,2.165,2.16,2.16,1050,2022-06-02 19:32:00
1422,2.16,2.17,2.16,2.16,5274,2022-06-02 19:33:00
1423,2.165,2.165,2.165,2.165,243,2022-06-02 19:34:00
1424,2.165,2.165,2.15,2.15,28595,2022-06-02 19:35:00
1425,2.15,2.155,2.15,2.155,400,2022-06-02 19:36:00
1426,2.15,2.155,2.15,2.155,300,2022-06-02 19:37:00
1427,2.155,2.155,2.1523,2.155,1219,2022-06-02 19:38:00
1428,2.155,2.16,2.155,2.155,800,2022-06-02 19:39:00
1429,2.15,2.155,2.15,2.155,1300,2022-06-02 19:40:00
1430,2.155,2.16,2.155,2.16,31783,2022-06-02 19:41:00
1431,2.16,2.17,2.16,2.17,3839,2022-06-02 19:42:00
1432,2.17,2.18,2.17,2.18,3198,2022-06-02 19:43:00
1433,2.18,2.18,2.1717,2.18,1909,2022-06-02 19:44:00
1434,2.18,2.18,2.175,2.18,2226,2022-06-02 19:45:00
1435,2.18,2.18,2.1717,2.175,1802,2022-06-02 19:46:00
1436,2.175,2.18,2.17,2.17,1800,2022-06-02 19:47:00
1437,2.175,2.18,2.17,2.175,2499,2022-06-02 19:48:00
1438,2.18,2.18,2.175,2.18,5129,2022-06-02 19:49:00
1439,2.18,2.18,2.175,2.18,3400,2022-06-02 19:50:00
1440,2.18,2.18,2.175,2.18,1549,2022-06-02 19:51:00
1441,2.18,2.18,2.175,2.18,6222,2022-06-02 19:52:00
1442,2.18,2.18,2.175,2.175,4508,2022-06-02 19:53:00
1443,2.18,2.19,2.18,2.185,9694,2022-06-02 19:54:00
1444,2.19,2.19,2.18,2.19,5984,2022-06-02 19:55:00
1445,2.19,2.19,2.1801,2.185,19345,2022-06-02 19:56:00
1446,2.185,2.19,2.17,2.17,54331,2022-06-02 19:57:00
1447,2.17,2.175,2.16,2.165,40664,2022-06-02 19:58:00
1448,2.165,2.17,2.16,2.16,24048,2022-06-02 19:59:00
1449,2.18,2.18,2.18,2.18,43662,2022-06-02 20:00:00
1450,2.08,2.08,2.08,2.08,100,2022-06-03 12:41:00
1451,2.24,2.24,2.24,2.24,200,2022-06-03 12:49:00
1452,2.12,2.18,2.12,2.14,4852,2022-06-03 13:30:00
1453,2.135,2.135,2.12,2.13,500,2022-06-03 13:31:00
1454,2.12,2.125,2.1,2.1,8387,2022-06-03 13:32:00
1455,2.1,2.105,2.1,2.105,318,2022-06-03 13:33:00
1456,2.1,2.1,2.095,2.095,1400,2022-06-03 13:34:00
1457,2.095,2.095,2.09,2.095,400,2022-06-03 13:35:00
1458,2.09,2.09,2.07,2.085,3492,2022-06-03 13:36:00
1459,2.085,2.09,2.085,2.085,4353,2022-06-03 13:37:00
1460,2.08,2.08,2.075,2.075,1600,2022-06-03 13:38:00
1461,2.075,2.075,2.075,2.075,100,2022-06-03 13:39:00
1462,2.075,2.09,2.075,2.085,4163,2022-06-03 13:40:00
1463,2.09,2.09,2.085,2.085,350,2022-06-03 13:41:00
1464,2.085,2.095,2.085,2.0906,7508,2022-06-03 13:42:00
1465,2.09,2.09,2.085,2.085,2271,2022-06-03 13:43:00
1466,2.085,2.085,2.08,2.085,400,2022-06-03 13:44:00
1467,2.08,2.08,2.055,2.055,29038,2022-06-03 13:45:00
1468,2.055,2.08,2.055,2.06,41433,2022-06-03 13:46:00
1469,2.055,2.065,2.055,2.065,763,2022-06-03 13:47:00
1470,2.07,2.08,2.06,2.06,11398,2022-06-03 13:48:00
1471,2.06,2.07,2.06,2.07,441000,2022-06-03 13:49:00
1472,2.07,2.07,2.065,2.065,200,2022-06-03 13:50:00
1473,2.065,2.07,2.06,2.065,5640,2022-06-03 13:51:00
1474,2.065,2.065,2.065,2.065,400,2022-06-03 13:52:00
1475,2.065,2.095,2.065,2.095,3400,2022-06-03 13:53:00
1476,2.095,2.095,2.085,2.085,19652,2022-06-03 13:54:00
1477,2.09,2.11,2.085,2.11,8886,2022-06-03 13:55:00
1478,2.115,2.12,2.11,2.11,6418,2022-06-03 13:56:00
1479,2.115,2.1199,2.105,2.11,17543,2022-06-03 13:57:00
1480,2.115,2.115,2.11,2.115,688,2022-06-03 13:58:00
1481,2.115,2.115,2.115,2.115,200,2022-06-03 13:59:00
1482,2.115,2.1187,2.115,2.1187,1400,2022-06-03 14:00:00
1483,2.115,2.12,2.115,2.115,1300,2022-06-03 14:01:00
1484,2.115,2.115,2.115,2.115,200,2022-06-03 14:02:00
1485,2.115,2.115,2.1,2.1,6123,2022-06-03 14:03:00
1486,2.1,2.1,2.095,2.095,4272,2022-06-03 14:04:00
1487,2.09,2.098,2.09,2.098,200,2022-06-03 14:05:00
1488,2.1,2.1,2.095,2.095,500,2022-06-03 14:06:00
1489,2.095,2.0985,2.095,2.095,1125,2022-06-03 14:07:00
1490,2.09,2.09,2.08,2.085,13571,2022-06-03 14:08:00
1491,2.085,2.085,2.08,2.08,200,2022-06-03 14:09:00
1492,2.08,2.08,2.08,2.08,4442,2022-06-03 14:10:00
1493,2.07,2.07,2.065,2.065,3717,2022-06-03 14:11:00
1494,2.065,2.07,2.065,2.07,1700,2022-06-03 14:12:00
1495,2.065,2.07,2.065,2.07,3347,2022-06-03 14:13:00
1496,2.065,2.07,2.065,2.07,800,2022-06-03 14:14:00
1497,2.065,2.07,2.065,2.069,1200,2022-06-03 14:15:00
1498,2.065,2.0684,2.04,2.04,10986,2022-06-03 14:16:00
1499,2.045,2.045,2.045,2.045,100,2022-06-03 14:17:00
1500,2.04,2.045,2.04,2.045,300,2022-06-03 14:18:00
1501,2.045,2.045,2.045,2.045,100,2022-06-03 14:19:00
1502,2.04,2.04,2.03,2.03,8334,2022-06-03 14:20:00
1503,2.03,2.03,2.025,2.025,3989,2022-06-03 14:21:00
1504,2.025,2.03,2.025,2.03,5610,2022-06-03 14:22:00
1505,2.0399,2.04,2.035,2.04,9564,2022-06-03 14:23:00
1506,2.0382,2.0382,2.0382,2.0382,200,2022-06-03 14:24:00
1507,2.04,2.04,2.04,2.04,100,2022-06-03 14:25:00
1508,2.035,2.04,2.035,2.035,9588,2022-06-03 14:26:00
1509,2.04,2.04,2.035,2.035,400,2022-06-03 14:27:00
1510,2.035,2.04,2.035,2.035,700,2022-06-03 14:28:00
1511,2.04,2.04,2.035,2.035,500,2022-06-03 14:29:00
1512,2.04,2.04,2.035,2.04,900,2022-06-03 14:30:00
1513,2.035,2.06,2.035,2.06,12465,2022-06-03 14:31:00
1514,2.06,2.06,2.045,2.045,16580,2022-06-03 14:32:00
1515,2.045,2.045,2.045,2.045,100,2022-06-03 14:33:00
1516,2.0482,2.0482,2.04,2.045,300,2022-06-03 14:34:00
1517,2.045,2.045,2.045,2.045,186,2022-06-03 14:35:00
1518,2.045,2.05,2.035,2.05,23002,2022-06-03 14:36:00
1519,2.0499,2.05,2.045,2.045,711,2022-06-03 14:37:00
1520,2.045,2.045,2.045,2.045,500,2022-06-03 14:38:00
1521,2.045,2.045,2.045,2.045,200,2022-06-03 14:39:00
1522,2.045,2.05,2.045,2.05,300,2022-06-03 14:40:00
1523,2.05,2.05,2.045,2.045,600,2022-06-03 14:41:00
1524,2.045,2.045,2.045,2.045,600,2022-06-03 14:42:00
1525,2.045,2.05,2.045,2.045,900,2022-06-03 14:43:00
1526,2.0483,2.0483,2.04,2.04,2495,2022-06-03 14:44:00
1527,2.04,2.05,2.04,2.05,1742,2022-06-03 14:45:00
1528,2.045,2.05,2.045,2.05,2300,2022-06-03 14:46:00
1529,2.045,2.05,2.035,2.035,25352,2022-06-03 14:47:00
1530,2.035,2.04,2.035,2.035,1657,2022-06-03 14:48:00
1531,2.035,2.035,2.035,2.035,200,2022-06-03 14:50:00
1532,2.035,2.035,2.035,2.035,2400,2022-06-03 14:51:00
1533,2.035,2.035,2.035,2.035,13660,2022-06-03 14:52:00
1534,2.035,2.035,2.03,2.035,1000,2022-06-03 14:53:00
1535,2.035,2.035,2.03,2.03,200,2022-06-03 14:54:00
1536,2.035,2.06,2.035,2.055,65836,2022-06-03 14:55:00
1537,2.06,2.07,2.06,2.065,18110,2022-06-03 14:56:00
1538,2.07,2.075,2.06,2.065,25129,2022-06-03 14:57:00
1539,2.06,2.06,2.05,2.055,5073,2022-06-03 14:59:00
1540,2.05,2.05,2.05,2.05,2783,2022-06-03 15:00:00
1541,2.04,2.045,2.04,2.045,583,2022-06-03 15:02:00
1542,2.04,2.04,2.04,2.04,800,2022-06-03 15:03:00
1543,2.04,2.04,2.04,2.04,541,2022-06-03 15:04:00
1544,2.04,2.04,2.035,2.035,7775,2022-06-03 15:06:00
1545,2.03,2.03,2.025,2.025,53554,2022-06-03 15:07:00
1546,2.02,2.025,2.02,2.025,1900,2022-06-03 15:08:00
1547,2.0242,2.025,2.0242,2.025,200,2022-06-03 15:09:00
1548,2.0225,2.025,2.015,2.015,35315,2022-06-03 15:10:00
1549,2.015,2.015,2.005,2.005,10840,2022-06-03 15:11:00
1550,2.005,2.005,2.005,2.005,564,2022-06-03 15:12:00
1551,2.005,2.005,1.98,1.99,76326,2022-06-03 15:13:00
1552,1.9933,1.9989,1.99,1.995,2930,2022-06-03 15:14:00
1553,1.995,1.995,1.995,1.995,100,2022-06-03 15:15:00
1554,1.9999,1.9999,1.9983,1.9983,600,2022-06-03 15:16:00
1555,1.9992,1.9992,1.995,1.9987,2200,2022-06-03 15:17:00
1556,1.995,1.995,1.99,1.995,6000,2022-06-03 15:18:00
1557,1.99,2.025,1.99,2.025,32145,2022-06-03 15:19:00
1558,2.025,2.0281,2.025,2.0281,300,2022-06-03 15:20:00
1559,2.025,2.025,2.025,2.025,5300,2022-06-03 15:21:00
1560,2.025,2.025,2.02,2.025,2485,2022-06-03 15:22:00
1561,2.025,2.025,2.025,2.025,300,2022-06-03 15:23:00
1562,2.02,2.03,2.02,2.03,1132,2022-06-03 15:24:00
1563,2.025,2.03,2.025,2.025,550,2022-06-03 15:25:00
1564,2.025,2.025,2.0247,2.0247,200,2022-06-03 15:26:00
1565,2.03,2.03,2.025,2.025,400,2022-06-03 15:27:00
1566,2.025,2.03,2.025,2.03,1400,2022-06-03 15:28:00
1567,2.03,2.03,2.02,2.025,1500,2022-06-03 15:29:00
1568,2.025,2.03,2.025,2.025,2105,2022-06-03 15:30:00
1569,2.03,2.03,2.025,2.025,1000,2022-06-03 15:31:00
1570,2.025,2.03,2.025,2.03,5648,2022-06-03 15:32:00
1571,2.04,2.04,2.035,2.04,400,2022-06-03 15:33:00
1572,2.035,2.04,2.035,2.04,800,2022-06-03 15:34:00
1573,2.035,2.04,2.035,2.035,300,2022-06-03 15:35:00
1574,2.04,2.04,2.035,2.035,500,2022-06-03 15:36:00
1575,2.04,2.05,2.035,2.045,5725,2022-06-03 15:37:00
1576,2.045,2.045,2.035,2.035,22538,2022-06-03 15:38:00
1577,2.035,2.035,2.035,2.035,100,2022-06-03 15:39:00
1578,2.03,2.03,2.03,2.03,100,2022-06-03 15:40:00
1579,2.035,2.0399,2.03,2.03,1200,2022-06-03 15:41:00
1580,2.03,2.04,2.03,2.03,1500,2022-06-03 15:42:00
1581,2.03,2.035,2.03,2.035,300,2022-06-03 15:43:00
1582,2.035,2.035,2.03,2.03,500,2022-06-03 15:44:00
1583,2.03,2.035,2.03,2.03,700,2022-06-03 15:45:00
1584,2.035,2.035,2.03,2.035,1868,2022-06-03 15:46:00
1585,2.03,2.035,2.03,2.035,400,2022-06-03 15:47:00
1586,2.035,2.0388,2.03,2.0388,1800,2022-06-03 15:48:00
1587,2.035,2.035,2.03,2.03,300,2022-06-03 15:49:00
1588,2.03,2.04,2.03,2.04,1800,2022-06-03 15:50:00
1589,2.03,2.035,2.025,2.025,11626,2022-06-03 15:51:00
1590,2.025,2.025,2.025,2.025,200,2022-06-03 15:52:00
1591,2.0283,2.0283,2.02,2.025,1200,2022-06-03 15:54:00
1592,2.025,2.03,2.02,2.03,9880,2022-06-03 15:55:00
1593,2.03,2.0376,2.03,2.0376,666,2022-06-03 15:56:00
1594,2.035,2.04,2.035,2.035,1300,2022-06-03 15:57:00
1595,2.035,2.04,2.035,2.035,1244,2022-06-03 15:58:00
1596,2.035,2.035,2.03,2.03,400,2022-06-03 15:59:00
1597,2.03,2.0362,2.03,2.03,400,2022-06-03 16:00:00
1598,2.035,2.04,2.03,2.03,2234,2022-06-03 16:01:00
1599,2.035,2.04,2.03,2.035,2700,2022-06-03 16:02:00
1600,2.03,2.04,2.02,2.02,11706,2022-06-03 16:03:00
1601,2.02,2.02,2.01,2.015,6663,2022-06-03 16:04:00
1602,2.015,2.015,2.015,2.015,100,2022-06-03 16:05:00
1603,2.015,2.015,2.01,2.01,200,2022-06-03 16:06:00
1604,2.015,2.0192,2.01,2.01,400,2022-06-03 16:07:00
1605,2.01,2.01,2.01,2.01,600,2022-06-03 16:08:00
1606,2.01,2.0165,2.01,2.015,2307,2022-06-03 16:09:00
1607,2.01,2.01,2.0,2.005,16416,2022-06-03 16:10:00
1608,2.005,2.01,2.005,2.005,1400,2022-06-03 16:12:00
1609,2.005,2.005,2.005,2.005,597,2022-06-03 16:14:00
1610,2.0,2.005,2.0,2.005,2640,2022-06-03 16:15:00
1611,2.01,2.015,2.005,2.015,63556,2022-06-03 16:16:00
1612,2.015,2.015,2.015,2.015,743,2022-06-03 16:17:00
1613,2.015,2.0178,2.015,2.0178,500,2022-06-03 16:18:00
1614,2.015,2.015,2.015,2.015,300,2022-06-03 16:19:00
1615,2.015,2.015,2.015,2.015,400,2022-06-03 16:20:00
1616,2.015,2.015,2.015,2.015,800,2022-06-03 16:21:00
1617,2.02,2.02,2.015,2.015,1639,2022-06-03 16:22:00
1618,2.015,2.02,2.015,2.02,8409,2022-06-03 16:23:00
1619,2.015,2.015,2.015,2.015,400,2022-06-03 16:24:00
1620,2.015,2.02,2.01,2.02,1690,2022-06-03 16:25:00
1621,2.02,2.02,2.015,2.0199,1045,2022-06-03 16:26:00
1622,2.015,2.02,2.015,2.015,700,2022-06-03 16:27:00
1623,2.015,2.02,2.015,2.02,200,2022-06-03 16:28:00
1624,2.015,2.02,2.015,2.02,400,2022-06-03 16:29:00
1625,2.02,2.02,2.015,2.015,7100,2022-06-03 16:30:00
1626,2.0195,2.02,2.015,2.015,1100,2022-06-03 16:31:00
1627,2.0176,2.02,2.0176,2.02,500,2022-06-03 16:32:00
1628,2.02,2.02,2.015,2.015,2000,2022-06-03 16:33:00
1629,2.01,2.015,2.01,2.015,800,2022-06-03 16:34:00
1630,2.015,2.02,2.01,2.015,3960,2022-06-03 16:35:00
1631,2.015,2.02,2.015,2.015,600,2022-06-03 16:36:00
1632,2.015,2.02,2.015,2.015,2959,2022-06-03 16:37:00
1633,2.02,2.02,2.01,2.015,42277,2022-06-03 16:38:00
1634,2.02,2.02,2.01,2.015,1723,2022-06-03 16:39:00
1635,2.015,2.02,2.015,2.02,500,2022-06-03 16:40:00
1636,2.02,2.02,2.01,2.015,1200,2022-06-03 16:41:00
1637,2.01,2.015,2.005,2.005,18960,2022-06-03 16:42:00
1638,2.005,2.005,2.005,2.005,1473,2022-06-03 16:43:00
1639,2.005,2.005,2.0,2.0,500,2022-06-03 16:45:00
1640,2.005,2.01,2.0,2.0,2100,2022-06-03 16:46:00
1641,2.01,2.01,2.0,2.005,5290,2022-06-03 16:47:00
1642,2.005,2.005,2.0,2.0,500,2022-06-03 16:48:00
1643,2.005,2.0085,2.005,2.005,1911,2022-06-03 16:49:00
1644,2.005,2.01,2.0,2.005,56608,2022-06-03 16:50:00
1645,2.01,2.01,2.005,2.005,600,2022-06-03 16:51:00
1646,2.01,2.01,1.99,2.01,56588,2022-06-03 16:52:00
1647,2.0,2.005,2.0,2.0,5577,2022-06-03 16:53:00
1648,2.01,2.02,2.005,2.015,20714,2022-06-03 16:54:00
1649,2.015,2.02,2.015,2.015,3114,2022-06-03 16:55:00
1650,2.015,2.015,2.015,2.015,600,2022-06-03 16:56:00
1651,2.015,2.02,2.01,2.015,5285,2022-06-03 16:57:00
1652,2.01,2.0176,2.01,2.015,600,2022-06-03 16:58:00
1653,2.015,2.015,2.013,2.015,809,2022-06-03 16:59:00
1654,2.015,2.015,2.01,2.01,859,2022-06-03 17:00:00
1655,2.015,2.02,2.015,2.015,2200,2022-06-03 17:01:00
1656,2.02,2.025,2.01,2.02,17517,2022-06-03 17:02:00
1657,2.015,2.02,2.015,2.015,17393,2022-06-03 17:03:00
1658,2.015,2.015,2.01,2.01,1200,2022-06-03 17:04:00
1659,2.02,2.025,2.01,2.02,12947,2022-06-03 17:05:00
1660,2.025,2.03,2.025,2.025,700,2022-06-03 17:06:00
1661,2.03,2.03,2.025,2.025,200,2022-06-03 17:07:00
1662,2.025,2.03,2.025,2.025,700,2022-06-03 17:08:00
1663,2.025,2.03,2.025,2.025,500,2022-06-03 17:09:00
1664,2.025,2.03,2.025,2.025,1800,2022-06-03 17:10:00
1665,2.03,2.03,2.02,2.03,1500,2022-06-03 17:11:00
1666,2.03,2.03,2.025,2.025,1315,2022-06-03 17:12:00
1667,2.025,2.03,2.025,2.025,1145,2022-06-03 17:13:00
1668,2.025,2.03,2.025,2.025,1500,2022-06-03 17:14:00
1669,2.03,2.03,2.02,2.025,1400,2022-06-03 17:15:00
1670,2.03,2.03,2.025,2.025,4000,2022-06-03 17:16:00
1671,2.025,2.03,2.025,2.025,1000,2022-06-03 17:17:00
1672,2.025,2.03,2.02,2.025,2780,2022-06-03 17:18:00
1673,2.025,2.03,2.025,2.025,700,2022-06-03 17:19:00
1674,2.025,2.03,2.025,2.03,1821,2022-06-03 17:20:00
1675,2.025,2.03,2.025,2.03,1100,2022-06-03 17:21:00
1676,2.025,2.03,2.02,2.03,4019,2022-06-03 17:22:00
1677,2.025,2.03,2.025,2.025,1300,2022-06-03 17:23:00
1678,2.025,2.03,2.02,2.025,2585,2022-06-03 17:24:00
1679,2.025,2.03,2.025,2.025,2328,2022-06-03 17:25:00
1680,2.025,2.03,2.025,2.03,1600,2022-06-03 17:26:00
1681,2.025,2.03,2.02,2.025,1500,2022-06-03 17:27:00
1682,2.03,2.03,2.02,2.03,1700,2022-06-03 17:28:00
1683,2.025,2.03,2.025,2.03,2200,2022-06-03 17:29:00
1684,2.025,2.03,2.02,2.025,1100,2022-06-03 17:30:00
1685,2.025,2.03,2.025,2.03,683,2022-06-03 17:31:00
1686,2.025,2.03,2.025,2.025,2600,2022-06-03 17:32:00
1687,2.03,2.03,2.025,2.03,700,2022-06-03 17:33:00
1688,2.02,2.03,2.02,2.03,3523,2022-06-03 17:34:00
1689,2.025,2.03,2.02,2.025,1600,2022-06-03 17:35:00
1690,2.025,2.03,2.025,2.025,3000,2022-06-03 17:36:00
1691,2.025,2.03,2.02,2.02,2849,2022-06-03 17:37:00
1692,2.025,2.03,2.025,2.025,1700,2022-06-03 17:38:00
1693,2.025,2.03,2.025,2.03,1600,2022-06-03 17:39:00
1694,2.025,2.03,2.02,2.025,2694,2022-06-03 17:40:00
1695,2.03,2.03,2.025,2.025,1200,2022-06-03 17:41:00
1696,2.03,2.03,2.025,2.025,2810,2022-06-03 17:42:00
1697,2.025,2.03,2.025,2.025,2000,2022-06-03 17:43:00
1698,2.025,2.03,2.025,2.025,1873,2022-06-03 17:44:00
1699,2.025,2.025,2.02,2.025,690,2022-06-03 17:45:00
1700,2.03,2.03,2.025,2.03,1600,2022-06-03 17:46:00
1701,2.025,2.03,2.02,2.03,6823,2022-06-03 17:47:00
1702,2.025,2.03,2.025,2.025,2700,2022-06-03 17:48:00
1703,2.0252,2.03,2.02,2.02,2500,2022-06-03 17:49:00
1704,2.025,2.03,2.025,2.03,2500,2022-06-03 17:50:00
1705,2.03,2.03,2.025,2.025,2718,2022-06-03 17:51:00
1706,2.03,2.03,2.025,2.03,2000,2022-06-03 17:52:00
1707,2.025,2.03,2.02,2.02,2000,2022-06-03 17:53:00
1708,2.03,2.03,2.025,2.025,1200,2022-06-03 17:54:00
1709,2.025,2.03,2.02,2.03,1800,2022-06-03 17:55:00
1710,2.025,2.03,2.025,2.025,2600,2022-06-03 17:56:00
1711,2.025,2.03,2.02,2.02,3999,2022-06-03 17:57:00
1712,2.025,2.03,2.025,2.025,1035,2022-06-03 17:58:00
1713,2.02,2.03,2.02,2.02,2945,2022-06-03 17:59:00
1714,2.025,2.03,2.025,2.025,2700,2022-06-03 18:00:00
1715,2.025,2.025,2.01,2.015,27231,2022-06-03 18:01:00
1716,2.015,2.015,2.01,2.01,1900,2022-06-03 18:02:00
1717,2.015,2.015,2.01,2.015,1000,2022-06-03 18:03:00
1718,2.015,2.015,2.015,2.015,200,2022-06-03 18:04:00
1719,2.015,2.015,2.015,2.015,900,2022-06-03 18:05:00
1720,2.015,2.02,2.01,2.015,1700,2022-06-03 18:06:00
1721,2.015,2.03,2.015,2.03,25767,2022-06-03 18:07:00
1722,2.025,2.03,2.01,2.015,26035,2022-06-03 18:08:00
1723,2.015,2.015,2.01,2.01,300,2022-06-03 18:09:00
1724,2.0101,2.02,2.0,2.005,41627,2022-06-03 18:10:00
1725,2.005,2.015,2.005,2.01,17106,2022-06-03 18:11:00
1726,2.015,2.015,2.015,2.015,400,2022-06-03 18:12:00
1727,2.015,2.02,2.015,2.015,550,2022-06-03 18:13:00
1728,2.015,2.02,2.015,2.015,3100,2022-06-03 18:14:00
1729,2.015,2.0184,2.01,2.0184,891,2022-06-03 18:15:00
1730,2.015,2.015,2.015,2.015,400,2022-06-03 18:16:00
1731,2.015,2.02,2.015,2.015,1878,2022-06-03 18:17:00
1732,2.015,2.02,2.01,2.015,4365,2022-06-03 18:18:00
1733,2.015,2.02,2.015,2.015,1700,2022-06-03 18:19:00
1734,2.015,2.02,2.015,2.015,3171,2022-06-03 18:20:00
1735,2.015,2.02,2.015,2.02,1000,2022-06-03 18:21:00
1736,2.015,2.02,2.015,2.015,1900,2022-06-03 18:22:00
1737,2.015,2.02,2.015,2.02,3006,2022-06-03 18:23:00
1738,2.015,2.02,2.01,2.016,3017,2022-06-03 18:24:00
1739,2.015,2.02,2.015,2.015,2700,2022-06-03 18:25:00
1740,2.015,2.015,2.015,2.015,916,2022-06-03 18:26:00
1741,2.015,2.02,2.0132,2.015,2161,2022-06-03 18:27:00
1742,2.015,2.02,2.015,2.015,6904,2022-06-03 18:28:00
1743,2.015,2.02,2.015,2.02,4910,2022-06-03 18:29:00
1744,2.015,2.02,2.015,2.02,1615,2022-06-03 18:30:00
1745,2.015,2.02,2.015,2.015,3600,2022-06-03 18:31:00
1746,2.015,2.02,2.015,2.015,1117,2022-06-03 18:32:00
1747,2.015,2.02,2.015,2.02,2641,2022-06-03 18:33:00
1748,2.015,2.02,2.015,2.015,2838,2022-06-03 18:34:00
1749,2.015,2.02,2.015,2.02,1408,2022-06-03 18:35:00
1750,2.02,2.02,2.015,2.02,3500,2022-06-03 18:36:00
1751,2.015,2.02,2.015,2.015,1507,2022-06-03 18:37:00
1752,2.02,2.02,2.015,2.015,700,2022-06-03 18:38:00
1753,2.015,2.02,2.015,2.015,2530,2022-06-03 18:39:00
1754,2.015,2.02,2.015,2.015,1850,2022-06-03 18:40:00
1755,2.015,2.02,2.015,2.015,4965,2022-06-03 18:41:00
1756,2.015,2.02,2.015,2.02,3707,2022-06-03 18:42:00
1757,2.02,2.02,2.015,2.015,2428,2022-06-03 18:43:00
1758,2.015,2.02,2.015,2.015,2900,2022-06-03 18:44:00
1759,2.015,2.015,2.0,2.0,63441,2022-06-03 18:45:00
1760,2.0,2.01,2.0,2.005,30041,2022-06-03 18:46:00
1761,2.005,2.01,2.0,2.005,5682,2022-06-03 18:47:00
1762,2.005,2.015,1.995,2.015,60300,2022-06-03 18:48:00
1763,2.015,2.015,2.015,2.015,500,2022-06-03 18:50:00
1764,2.015,2.015,2.015,2.015,700,2022-06-03 18:51:00
1765,2.015,2.015,2.01,2.015,1300,2022-06-03 18:53:00
1766,2.015,2.02,2.01,2.015,900,2022-06-03 18:54:00
1767,2.015,2.02,2.015,2.015,619,2022-06-03 18:55:00
1768,2.015,2.015,2.01,2.015,2229,2022-06-03 18:56:00
1769,2.015,2.02,2.015,2.015,907,2022-06-03 18:57:00
1770,2.015,2.02,2.01,2.01,4430,2022-06-03 18:58:00
1771,2.015,2.015,2.01,2.015,900,2022-06-03 18:59:00
1772,2.015,2.02,2.015,2.015,3100,2022-06-03 19:00:00
1773,2.02,2.02,2.01,2.015,2714,2022-06-03 19:01:00
1774,2.015,2.02,2.015,2.015,1950,2022-06-03 19:02:00
1775,2.018,2.02,2.015,2.015,4233,2022-06-03 19:03:00
1776,2.015,2.02,2.005,2.005,25261,2022-06-03 19:04:00
1777,2.0,2.005,2.0,2.005,1900,2022-06-03 19:05:00
1778,2.005,2.005,2.0,2.005,900,2022-06-03 19:06:00
1779,2.01,2.01,1.99,2.0,43264,2022-06-03 19:07:00
1780,2.0,2.005,1.995,1.995,17355,2022-06-03 19:08:00
1781,1.995,2.0,1.995,2.0,6500,2022-06-03 19:09:00
1782,2.0,2.005,2.0,2.005,13283,2022-06-03 19:10:00
1783,2.005,2.005,2.005,2.005,475,2022-06-03 19:11:00
1784,2.005,2.005,2.0,2.005,1200,2022-06-03 19:12:00
1785,2.005,2.005,2.0,2.005,745,2022-06-03 19:13:00
1786,2.005,2.005,2.005,2.005,500,2022-06-03 19:14:00
1787,2.005,2.005,2.005,2.005,400,2022-06-03 19:15:00
1788,2.005,2.01,2.0,2.0,1300,2022-06-03 19:16:00
1789,2.005,2.01,2.0,2.005,6847,2022-06-03 19:17:00
1790,2.005,2.005,1.99,1.995,21358,2022-06-03 19:18:00
1791,1.995,2.0,1.995,2.0,800,2022-06-03 19:19:00
1792,1.995,2.0,1.995,1.995,6275,2022-06-03 19:20:00
1793,1.995,2.0,1.995,1.995,400,2022-06-03 19:21:00
1794,2.0,2.0,1.995,2.0,1800,2022-06-03 19:22:00
1795,2.0,2.0,1.995,1.995,5100,2022-06-03 19:23:00
1796,1.995,2.0,1.995,1.995,6950,2022-06-03 19:24:00
1797,1.995,2.01,1.995,2.005,11566,2022-06-03 19:25:00
1798,2.005,2.01,2.005,2.005,900,2022-06-03 19:26:00
1799,2.005,2.01,2.005,2.005,2904,2022-06-03 19:27:00
1800,2.01,2.01,2.005,2.01,1400,2022-06-03 19:28:00
1801,2.005,2.01,2.005,2.005,3666,2022-06-03 19:29:00
1802,2.01,2.01,2.005,2.01,8833,2022-06-03 19:30:00
1803,2.005,2.01,2.005,2.005,7700,2022-06-03 19:31:00
1804,2.005,2.01,2.0,2.005,2100,2022-06-03 19:32:00
1805,2.01,2.01,2.005,2.005,6800,2022-06-03 19:33:00
1806,2.005,2.01,2.005,2.005,2266,2022-06-03 19:34:00
1807,2.005,2.01,2.005,2.005,7511,2022-06-03 19:35:00
1808,2.005,2.01,2.005,2.01,3200,2022-06-03 19:36:00
1809,2.005,2.01,2.005,2.005,7900,2022-06-03 19:37:00
1810,2.005,2.01,2.005,2.005,9695,2022-06-03 19:38:00
1811,2.005,2.01,2.005,2.005,2240,2022-06-03 19:39:00
1812,2.005,2.01,2.005,2.005,4700,2022-06-03 19:40:00
1813,2.01,2.01,2.005,2.01,11251,2022-06-03 19:41:00
1814,2.005,2.01,2.005,2.005,6894,2022-06-03 19:42:00
1815,2.01,2.01,2.005,2.005,7050,2022-06-03 19:43:00
1816,2.005,2.01,2.005,2.01,11539,2022-06-03 19:44:00
1817,2.005,2.01,2.0,2.005,5383,2022-06-03 19:45:00
1818,2.01,2.01,2.005,2.005,17259,2022-06-03 19:46:00
1819,2.005,2.01,2.0,2.005,9927,2022-06-03 19:47:00
1820,2.005,2.01,2.005,2.005,12305,2022-06-03 19:48:00
1821,2.005,2.01,2.005,2.005,10048,2022-06-03 19:49:00
1822,2.01,2.01,1.99,1.99,37855,2022-06-03 19:50:00
1823,1.995,2.0,1.995,1.995,36544,2022-06-03 19:51:00
1824,2.0,2.0,1.995,1.995,20446,2022-06-03 19:52:00
1825,1.995,2.0,1.99,2.0,33210,2022-06-03 19:53:00
1826,1.995,2.0,1.995,1.995,14084,2022-06-03 19:54:00
1827,1.995,2.0,1.995,1.995,24227,2022-06-03 19:55:00
1828,1.995,2.0,1.995,1.995,43368,2022-06-03 19:56:00
1829,1.995,2.0,1.99,1.995,37289,2022-06-03 19:57:00
1830,1.995,2.0,1.99,1.995,25973,2022-06-03 19:58:00
1831,1.995,2.0,1.99,1.99,42395,2022-06-03 19:59:00
1832,1.99,1.99,1.97,1.97,72432,2022-06-03 20:00:00
1833,2.01,2.01,2.01,2.01,100,2022-06-03 21:21:00
1834,2.0099,2.0099,2.0099,2.0099,250,2022-06-03 21:22:00
1835,2.01,2.01,2.01,2.01,4000,2022-06-03 21:24:00
1836,2.01,2.01,2.01,2.01,100,2022-06-03 21:31:00
1837,2.01,2.01,2.01,2.01,547,2022-06-03 22:19:00
1838,2.0,2.01,1.99,2.0,5777,2022-06-06 13:25:00
1839,1.99,2.065,1.985,2.01,114095,2022-06-06 13:30:00
1840,2.0214,2.04,2.02,2.03,4398,2022-06-06 13:31:00
1841,2.02,2.02,1.998,1.998,6363,2022-06-06 13:32:00
1842,1.99,2.02,1.99,2.02,17616,2022-06-06 13:33:00
1843,2.01,2.01,2.005,2.01,1312,2022-06-06 13:34:00
1844,2.0055,2.01,2.0055,2.01,1500,2022-06-06 13:35:00
1845,2.005,2.005,1.98,1.98,3323,2022-06-06 13:36:00
1846,1.985,1.985,1.985,1.985,200,2022-06-06 13:37:00
1847,1.985,1.99,1.98,1.98,800,2022-06-06 13:38:00
1848,1.98,1.985,1.98,1.98,8319,2022-06-06 13:39:00
1849,1.985,1.99,1.975,1.99,14917,2022-06-06 13:40:00
1850,1.98,1.985,1.96,1.96,26047,2022-06-06 13:41:00
1851,1.95,1.96,1.95,1.951,4402,2022-06-06 13:42:00
1852,1.95,1.955,1.94,1.94,3195,2022-06-06 13:43:00
1853,1.94,1.94,1.93,1.93,986,2022-06-06 13:44:00
1854,1.935,1.935,1.92,1.935,15508,2022-06-06 13:45:00
1855,1.925,1.93,1.9217,1.925,2666,2022-06-06 13:46:00
1856,1.925,1.925,1.92,1.925,5100,2022-06-06 13:47:00
1857,1.9299,1.9299,1.9175,1.9175,1018,2022-06-06 13:48:00
1858,1.915,1.92,1.915,1.92,2265,2022-06-06 13:49:00
1859,1.925,1.925,1.92,1.92,1047,2022-06-06 13:50:00
1860,1.925,1.93,1.925,1.93,14604,2022-06-06 13:51:00
1861,1.93,1.935,1.93,1.93,1637,2022-06-06 13:52:00
1862,1.925,1.925,1.92,1.92,700,2022-06-06 13:53:00
1863,1.92,1.92,1.92,1.92,629,2022-06-06 13:54:00
1864,1.925,1.925,1.92,1.925,850,2022-06-06 13:55:00
1865,1.9296,1.9296,1.9101,1.915,5387,2022-06-06 13:56:00
1866,1.9183,1.9183,1.91,1.91,650,2022-06-06 13:57:00
1867,1.91,1.915,1.91,1.915,400,2022-06-06 13:58:00
1868,1.915,1.9217,1.915,1.9217,4751,2022-06-06 13:59:00
1869,1.925,1.925,1.92,1.92,4232,2022-06-06 14:00:00
1870,1.925,1.93,1.92,1.925,5950,2022-06-06 14:01:00
1871,1.925,1.925,1.9201,1.921,520,2022-06-06 14:02:00
1872,1.925,1.93,1.92,1.925,12151,2022-06-06 14:03:00
1873,1.925,1.9285,1.92,1.92,12359,2022-06-06 14:04:00
1874,1.925,1.925,1.915,1.915,7765,2022-06-06 14:05:00
1875,1.92,1.92,1.905,1.905,8812,2022-06-06 14:06:00
1876,1.905,1.915,1.905,1.915,8783,2022-06-06 14:07:00
1877,1.915,1.915,1.91,1.91,2421,2022-06-06 14:08:00
1878,1.91,1.91,1.91,1.91,100,2022-06-06 14:09:00
1879,1.915,1.915,1.91,1.91,9017,2022-06-06 14:10:00
1880,1.915,1.915,1.915,1.915,400,2022-06-06 14:11:00
1881,1.91,1.915,1.91,1.915,8831,2022-06-06 14:12:00
1882,1.911,1.915,1.91,1.91,6052,2022-06-06 14:13:00
1883,1.91,1.9193,1.89,1.89,33070,2022-06-06 14:14:00
1884,1.895,1.895,1.89,1.895,3562,2022-06-06 14:15:00
1885,1.895,1.895,1.89,1.89,600,2022-06-06 14:16:00
1886,1.895,1.895,1.88,1.88,12017,2022-06-06 14:17:00
1887,1.8807,1.8807,1.85,1.865,165475,2022-06-06 14:18:00
1888,1.865,1.87,1.85,1.855,25062,2022-06-06 14:19:00
1889,1.855,1.865,1.82,1.84,134741,2022-06-06 14:20:00
1890,1.845,1.86,1.845,1.857,63037,2022-06-06 14:21:00
1891,1.855,1.86,1.85,1.85,9795,2022-06-06 14:22:00
1892,1.855,1.855,1.85,1.85,400,2022-06-06 14:23:00
1893,1.855,1.86,1.85,1.8506,25274,2022-06-06 14:24:00
1894,1.855,1.855,1.8401,1.85,10469,2022-06-06 14:25:00
1895,1.85,1.855,1.8498,1.855,5072,2022-06-06 14:26:00
1896,1.855,1.86,1.8503,1.855,21563,2022-06-06 14:27:00
1897,1.855,1.86,1.855,1.855,6916,2022-06-06 14:28:00
1898,1.86,1.86,1.85,1.85,4001,2022-06-06 14:29:00
1899,1.85,1.86,1.845,1.86,12212,2022-06-06 14:30:00
1900,1.855,1.855,1.855,1.855,200,2022-06-06 14:31:00
1901,1.86,1.86,1.855,1.855,900,2022-06-06 14:32:00
1902,1.855,1.86,1.85,1.855,1508836,2022-06-06 14:33:00
1903,1.86,1.88,1.86,1.87,84037,2022-06-06 14:34:00
1904,1.865,1.865,1.86,1.865,2000,2022-06-06 14:35:00
1905,1.865,1.865,1.8608,1.865,350,2022-06-06 14:36:00
1906,1.87,1.87,1.86,1.86,42150,2022-06-06 14:37:00
1907,1.86,1.865,1.855,1.865,23027,2022-06-06 14:38:00
1908,1.865,1.87,1.85,1.85,47960,2022-06-06 14:39:00
1909,1.845,1.855,1.83,1.83,71759,2022-06-06 14:40:00
1910,1.835,1.85,1.83,1.845,58634,2022-06-06 14:41:00
1911,1.85,1.85,1.8407,1.845,450,2022-06-06 14:42:00
1912,1.845,1.85,1.845,1.845,2017,2022-06-06 14:43:00
1913,1.845,1.85,1.84,1.845,74704,2022-06-06 14:44:00
1914,1.845,1.85,1.845,1.85,3326,2022-06-06 14:45:00
1915,1.85,1.85,1.845,1.85,10592,2022-06-06 14:46:00
1916,1.85,1.85,1.84,1.845,1750,2022-06-06 14:47:00
1917,1.85,1.85,1.8419,1.845,1236,2022-06-06 14:48:00
1918,1.845,1.86,1.845,1.86,17409,2022-06-06 14:49:00
1919,1.855,1.875,1.855,1.865,57356,2022-06-06 14:50:00
1920,1.865,1.87,1.865,1.87,12886,2022-06-06 14:51:00
1921,1.865,1.87,1.865,1.865,7524,2022-06-06 14:52:00
1922,1.865,1.865,1.8514,1.8514,3890,2022-06-06 14:53:00
1923,1.855,1.8581,1.855,1.8581,500,2022-06-06 14:54:00
1924,1.855,1.86,1.855,1.855,1153,2022-06-06 14:55:00
1925,1.855,1.855,1.84,1.84,10501,2022-06-06 14:56:00
1926,1.845,1.845,1.84,1.845,2907,2022-06-06 14:57:00
1927,1.84,1.845,1.84,1.84,2083,2022-06-06 14:58:00
1928,1.84,1.84,1.84,1.84,100,2022-06-06 14:59:00
1929,1.845,1.85,1.84,1.84,3941,2022-06-06 15:00:00
1930,1.845,1.85,1.84,1.845,2100,2022-06-06 15:01:00
1931,1.845,1.85,1.84,1.84,2400,2022-06-06 15:02:00
1932,1.845,1.85,1.84,1.845,1100,2022-06-06 15:03:00
1933,1.845,1.85,1.845,1.845,2700,2022-06-06 15:04:00
1934,1.845,1.85,1.84,1.84,1625,2022-06-06 15:05:00
1935,1.85,1.85,1.84,1.8481,2733,2022-06-06 15:06:00
1936,1.85,1.85,1.84,1.845,1400,2022-06-06 15:07:00
1937,1.84,1.85,1.84,1.845,3600,2022-06-06 15:08:00
1938,1.845,1.845,1.83,1.83,8388,2022-06-06 15:09:00
1939,1.835,1.835,1.82,1.83,16201,2022-06-06 15:10:00
1940,1.825,1.825,1.81,1.81,4232,2022-06-06 15:11:00
1941,1.82,1.82,1.81,1.81,10626,2022-06-06 15:12:00
1942,1.81,1.815,1.8,1.81,11021,2022-06-06 15:13:00
1943,1.81,1.81,1.81,1.81,1200,2022-06-06 15:14:00
1944,1.815,1.815,1.81,1.81,2641,2022-06-06 15:15:00
1945,1.81,1.8199,1.81,1.81,3583,2022-06-06 15:16:00
1946,1.81,1.81,1.8,1.805,7489,2022-06-06 15:17:00
1947,1.805,1.82,1.805,1.815,5471,2022-06-06 15:18:00
1948,1.815,1.82,1.81,1.82,25700,2022-06-06 15:19:00
1949,1.82,1.82,1.815,1.82,2759,2022-06-06 15:20:00
1950,1.815,1.815,1.8,1.81,68195,2022-06-06 15:21:00
1951,1.81,1.815,1.81,1.815,1300,2022-06-06 15:22:00
1952,1.81,1.81,1.79,1.81,35235,2022-06-06 15:23:00
1953,1.805,1.815,1.805,1.81,9322,2022-06-06 15:24:00
1954,1.805,1.805,1.8,1.805,4081,2022-06-06 15:25:00
1955,1.805,1.805,1.8001,1.8001,893,2022-06-06 15:26:00
1956,1.805,1.805,1.8,1.8043,3320,2022-06-06 15:27:00
1957,1.805,1.805,1.8,1.8,4400,2022-06-06 15:28:00
1958,1.808,1.808,1.8,1.8,700,2022-06-06 15:29:00
1959,1.805,1.805,1.79,1.79,2893,2022-06-06 15:30:00
1960,1.795,1.795,1.7801,1.788,14601,2022-06-06 15:31:00
1961,1.785,1.785,1.785,1.785,1200,2022-06-06 15:32:00
1962,1.785,1.8,1.785,1.795,19996,2022-06-06 15:33:00
1963,1.795,1.8,1.78,1.78,39338,2022-06-06 15:34:00
1964,1.785,1.785,1.7809,1.7809,4385,2022-06-06 15:35:00
1965,1.785,1.79,1.785,1.79,11361,2022-06-06 15:36:00
1966,1.8,1.8,1.795,1.7983,1278,2022-06-06 15:37:00
1967,1.795,1.8082,1.795,1.805,10552,2022-06-06 15:38:00
1968,1.805,1.81,1.8,1.805,6712,2022-06-06 15:39:00
1969,1.805,1.805,1.8,1.8,5708,2022-06-06 15:40:00
1970,1.805,1.81,1.8,1.805,2700,2022-06-06 15:41:00
1971,1.805,1.805,1.792,1.795,4594,2022-06-06 15:42:00
1972,1.795,1.795,1.795,1.795,100,2022-06-06 15:43:00
1973,1.795,1.795,1.79,1.795,609,2022-06-06 15:44:00
1974,1.795,1.795,1.795,1.795,2501,2022-06-06 15:45:00
1975,1.8,1.8,1.795,1.795,1100,2022-06-06 15:46:00
1976,1.8,1.8,1.79,1.79,3000,2022-06-06 15:47:00
1977,1.79,1.795,1.79,1.795,1122,2022-06-06 15:48:00
1978,1.79,1.7981,1.79,1.7901,1532,2022-06-06 15:49:00
1979,1.795,1.795,1.79,1.795,791,2022-06-06 15:50:00
1980,1.795,1.8,1.79,1.79,3697,2022-06-06 15:51:00
1981,1.8,1.8,1.78,1.785,49577,2022-06-06 15:52:00
1982,1.785,1.795,1.785,1.795,8500,2022-06-06 15:53:00
1983,1.795,1.8,1.795,1.795,2582,2022-06-06 15:54:00
1984,1.795,1.8,1.795,1.7985,1423,2022-06-06 15:55:00
1985,1.79,1.7986,1.79,1.79,11500,2022-06-06 15:56:00
1986,1.795,1.8,1.79,1.8,980,2022-06-06 15:57:00
1987,1.7981,1.8,1.79,1.79,1480,2022-06-06 15:58:00
1988,1.795,1.795,1.79,1.79,1600,2022-06-06 15:59:00
1989,1.795,1.8,1.795,1.8,1131,2022-06-06 16:00:00
1990,1.79,1.7956,1.79,1.795,1590,2022-06-06 16:01:00
1991,1.795,1.795,1.78,1.785,10963,2022-06-06 16:02:00
1992,1.78,1.785,1.78,1.785,790,2022-06-06 16:03:00
1993,1.7849,1.785,1.775,1.78,25606,2022-06-06 16:04:00
1994,1.78,1.78,1.77,1.78,42168,2022-06-06 16:05:00
1995,1.78,1.78,1.77,1.77,5751,2022-06-06 16:06:00
1996,1.77,1.775,1.77,1.775,800,2022-06-06 16:07:00
1997,1.775,1.78,1.77,1.78,3311,2022-06-06 16:08:00
1998,1.775,1.7799,1.77,1.77,2200,2022-06-06 16:09:00
1999,1.775,1.775,1.775,1.775,200,2022-06-06 16:10:00
2000,1.775,1.775,1.775,1.775,1120,2022-06-06 16:11:00
2001,1.775,1.7752,1.77,1.77,2000,2022-06-06 16:12:00
2002,1.78,1.78,1.76,1.76,8392,2022-06-06 16:13:00
2003,1.76,1.7687,1.76,1.7667,9815,2022-06-06 16:14:00
2004,1.765,1.765,1.76,1.76,1589,2022-06-06 16:15:00
2005,1.765,1.765,1.76,1.76,1400,2022-06-06 16:16:00
2006,1.765,1.765,1.765,1.765,900,2022-06-06 16:17:00
2007,1.76,1.765,1.76,1.765,2800,2022-06-06 16:18:00
2008,1.76,1.7679,1.76,1.76,1900,2022-06-06 16:19:00
2009,1.765,1.765,1.7601,1.7601,3003,2022-06-06 16:20:00
2010,1.765,1.77,1.76,1.7662,1300,2022-06-06 16:21:00
2011,1.765,1.765,1.765,1.765,1670,2022-06-06 16:22:00
2012,1.765,1.765,1.7615,1.7615,2300,2022-06-06 16:23:00
2013,1.76,1.77,1.76,1.765,1495,2022-06-06 16:24:00
2014,1.765,1.7681,1.76,1.76,4622,2022-06-06 16:25:00
2015,1.765,1.765,1.75,1.755,6258,2022-06-06 16:26:00
2016,1.75,1.755,1.75,1.75,987,2022-06-06 16:27:00
2017,1.75,1.76,1.75,1.755,14688,2022-06-06 16:28:00
2018,1.75,1.75,1.74,1.745,22377,2022-06-06 16:29:00
2019,1.745,1.75,1.74,1.745,2400,2022-06-06 16:30:00
2020,1.74,1.741,1.74,1.74,1355,2022-06-06 16:31:00
2021,1.745,1.745,1.74,1.7416,3081,2022-06-06 16:32:00
2022,1.745,1.75,1.74,1.745,1869,2022-06-06 16:33:00
2023,1.74,1.75,1.74,1.74,757,2022-06-06 16:34:00
2024,1.745,1.77,1.745,1.77,41628,2022-06-06 16:35:00
2025,1.775,1.79,1.775,1.79,5167,2022-06-06 16:36:00
2026,1.785,1.79,1.785,1.79,3300,2022-06-06 16:37:00
2027,1.785,1.79,1.77,1.775,15280,2022-06-06 16:38:00
2028,1.775,1.775,1.775,1.775,150,2022-06-06 16:39:00
2029,1.7796,1.7796,1.7796,1.7796,100,2022-06-06 16:40:00
2030,1.78,1.78,1.775,1.775,1937,2022-06-06 16:41:00
2031,1.78,1.79,1.775,1.785,26208,2022-06-06 16:42:00
2032,1.785,1.7889,1.785,1.785,6300,2022-06-06 16:43:00
2033,1.785,1.795,1.785,1.7898,14525,2022-06-06 16:44:00
2034,1.785,1.7863,1.785,1.7863,1436,2022-06-06 16:45:00
2035,1.785,1.785,1.784,1.785,2950,2022-06-06 16:46:00
2036,1.785,1.785,1.785,1.785,400,2022-06-06 16:47:00
2037,1.7883,1.79,1.78,1.78,31878,2022-06-06 16:48:00
2038,1.78,1.78,1.775,1.775,4969,2022-06-06 16:49:00
2039,1.775,1.775,1.76,1.76,17431,2022-06-06 16:50:00
2040,1.765,1.769,1.76,1.76,5626,2022-06-06 16:51:00
2041,1.76,1.765,1.76,1.765,500,2022-06-06 16:52:00
2042,1.765,1.765,1.765,1.765,400,2022-06-06 16:53:00
2043,1.7645,1.7652,1.76,1.7652,868,2022-06-06 16:54:00
2044,1.765,1.765,1.76,1.765,1696,2022-06-06 16:55:00
2045,1.765,1.765,1.76,1.765,1200,2022-06-06 16:56:00
2046,1.765,1.765,1.765,1.765,500,2022-06-06 16:57:00
2047,1.765,1.77,1.74,1.75,104957,2022-06-06 16:58:00
2048,1.75,1.77,1.75,1.765,13507,2022-06-06 16:59:00
2049,1.765,1.77,1.765,1.7699,2200,2022-06-06 17:00:00
2050,1.765,1.795,1.765,1.795,24866,2022-06-06 17:01:00
2051,1.795,1.795,1.775,1.775,16005,2022-06-06 17:02:00
2052,1.775,1.775,1.775,1.775,3669,2022-06-06 17:03:00
2053,1.775,1.775,1.76,1.765,40520,2022-06-06 17:04:00
2054,1.765,1.7681,1.765,1.7681,1315,2022-06-06 17:05:00
2055,1.765,1.765,1.745,1.75,31034,2022-06-06 17:06:00
2056,1.745,1.745,1.735,1.735,25148,2022-06-06 17:07:00
2057,1.735,1.74,1.73,1.735,29050,2022-06-06 17:08:00
2058,1.735,1.735,1.72,1.725,26723,2022-06-06 17:09:00
2059,1.725,1.74,1.72,1.74,104361,2022-06-06 17:10:00
2060,1.735,1.74,1.735,1.735,1792,2022-06-06 17:11:00
2061,1.735,1.74,1.735,1.735,6404,2022-06-06 17:12:00
2062,1.735,1.735,1.7347,1.735,1527,2022-06-06 17:13:00
2063,1.735,1.74,1.7301,1.735,15917,2022-06-06 17:14:00
2064,1.735,1.74,1.735,1.735,2133,2022-06-06 17:15:00
2065,1.735,1.74,1.735,1.74,1800,2022-06-06 17:16:00
2066,1.735,1.7366,1.735,1.735,1090,2022-06-06 17:17:00
2067,1.735,1.74,1.735,1.74,15725,2022-06-06 17:18:00
2068,1.74,1.76,1.74,1.75,21815,2022-06-06 17:19:00
2069,1.755,1.7591,1.755,1.755,1050,2022-06-06 17:20:00
2070,1.755,1.755,1.745,1.745,14887,2022-06-06 17:21:00
2071,1.745,1.75,1.745,1.749,15463,2022-06-06 17:22:00
2072,1.745,1.745,1.745,1.745,4582,2022-06-06 17:23:00
2073,1.745,1.7459,1.745,1.7459,400,2022-06-06 17:24:00
2074,1.745,1.745,1.745,1.745,1275,2022-06-06 17:25:00
2075,1.745,1.7482,1.745,1.745,2000,2022-06-06 17:26:00
2076,1.745,1.75,1.745,1.745,1100,2022-06-06 17:27:00
2077,1.74,1.75,1.74,1.745,1100,2022-06-06 17:28:00
2078,1.74,1.7499,1.74,1.7494,488,2022-06-06 17:29:00
2079,1.745,1.75,1.745,1.745,3819,2022-06-06 17:30:00
2080,1.745,1.75,1.745,1.745,1400,2022-06-06 17:31:00
2081,1.75,1.75,1.745,1.745,700,2022-06-06 17:32:00
2082,1.75,1.75,1.74,1.745,1400,2022-06-06 17:33:00
2083,1.745,1.75,1.745,1.745,1473,2022-06-06 17:34:00
2084,1.745,1.75,1.745,1.75,16548,2022-06-06 17:35:00
2085,1.76,1.8,1.76,1.8,26912,2022-06-06 17:36:00
2086,1.8,1.815,1.7915,1.795,52418,2022-06-06 17:37:00
2087,1.795,1.8,1.795,1.795,1700,2022-06-06 17:38:00
2088,1.798,1.8,1.785,1.785,27154,2022-06-06 17:39:00
2089,1.785,1.7899,1.7801,1.785,9300,2022-06-06 17:40:00
2090,1.785,1.79,1.775,1.775,75455,2022-06-06 17:41:00
2091,1.775,1.78,1.775,1.78,868,2022-06-06 17:42:00
2092,1.78,1.78,1.765,1.765,9916,2022-06-06 17:43:00
2093,1.765,1.765,1.765,1.765,1166,2022-06-06 17:45:00
2094,1.765,1.765,1.765,1.765,362,2022-06-06 17:46:00
2095,1.77,1.77,1.76,1.765,871,2022-06-06 17:47:00
2096,1.76,1.765,1.76,1.765,1400,2022-06-06 17:48:00
2097,1.7684,1.7684,1.765,1.765,500,2022-06-06 17:49:00
2098,1.765,1.77,1.765,1.765,1900,2022-06-06 17:50:00
2099,1.765,1.77,1.763,1.765,4630,2022-06-06 17:51:00
2100,1.77,1.77,1.765,1.7684,1348,2022-06-06 17:52:00
2101,1.765,1.7683,1.76,1.765,1700,2022-06-06 17:53:00
2102,1.765,1.765,1.765,1.765,600,2022-06-06 17:54:00
2103,1.7683,1.77,1.765,1.765,2350,2022-06-06 17:55:00
2104,1.765,1.765,1.76,1.765,1632,2022-06-06 17:56:00
2105,1.765,1.77,1.765,1.765,2399,2022-06-06 17:57:00
2106,1.765,1.775,1.765,1.765,105398,2022-06-06 17:58:00
2107,1.765,1.77,1.7605,1.7605,10400,2022-06-06 17:59:00
2108,1.765,1.775,1.765,1.765,49770,2022-06-06 18:00:00
2109,1.765,1.775,1.765,1.765,115787,2022-06-06 18:01:00
2110,1.765,1.77,1.765,1.765,5196,2022-06-06 18:02:00
2111,1.7606,1.7606,1.75,1.76,38296,2022-06-06 18:03:00
2112,1.7507,1.7507,1.75,1.75,6644,2022-06-06 18:04:00
2113,1.755,1.76,1.74,1.74,31298,2022-06-06 18:05:00
2114,1.745,1.75,1.74,1.7487,5650,2022-06-06 18:06:00
2115,1.745,1.745,1.745,1.745,1000,2022-06-06 18:07:00
2116,1.745,1.745,1.74,1.74,1243,2022-06-06 18:08:00
2117,1.745,1.75,1.74,1.74,4800,2022-06-06 18:09:00
2118,1.745,1.745,1.74,1.74,1363,2022-06-06 18:10:00
2119,1.745,1.75,1.74,1.74,3868,2022-06-06 18:11:00
2120,1.745,1.7482,1.74,1.7482,2262,2022-06-06 18:12:00
2121,1.745,1.745,1.7418,1.745,1997,2022-06-06 18:13:00
2122,1.74,1.745,1.74,1.745,305,2022-06-06 18:14:00
2123,1.745,1.745,1.74,1.74,1043,2022-06-06 18:15:00
2124,1.745,1.7482,1.745,1.7482,900,2022-06-06 18:16:00
2125,1.745,1.75,1.741,1.75,2000,2022-06-06 18:17:00
2126,1.74,1.75,1.74,1.745,1700,2022-06-06 18:18:00
2127,1.745,1.745,1.745,1.745,200,2022-06-06 18:19:00
2128,1.745,1.745,1.745,1.745,1500,2022-06-06 18:20:00
2129,1.745,1.75,1.745,1.75,1918,2022-06-06 18:21:00
2130,1.75,1.75,1.7434,1.745,9953,2022-06-06 18:22:00
2131,1.745,1.75,1.745,1.745,4400,2022-06-06 18:23:00
2132,1.745,1.745,1.745,1.745,400,2022-06-06 18:24:00
2133,1.745,1.75,1.74,1.745,2400,2022-06-06 18:25:00
2134,1.745,1.75,1.745,1.745,2900,2022-06-06 18:26:00
2135,1.745,1.745,1.74,1.745,1200,2022-06-06 18:27:00
2136,1.745,1.75,1.74,1.745,1545,2022-06-06 18:28:00
2137,1.745,1.75,1.74,1.745,4772,2022-06-06 18:29:00
2138,1.745,1.745,1.74,1.745,1800,2022-06-06 18:30:00
2139,1.74,1.745,1.74,1.745,5071,2022-06-06 18:31:00
2140,1.74,1.765,1.73,1.765,102436,2022-06-06 18:32:00
2141,1.765,1.77,1.765,1.765,2400,2022-06-06 18:33:00
2142,1.765,1.78,1.765,1.78,11614,2022-06-06 18:34:00
2143,1.775,1.78,1.765,1.765,17652,2022-06-06 18:35:00
2144,1.765,1.775,1.765,1.775,15472,2022-06-06 18:36:00
2145,1.775,1.78,1.7713,1.7713,1700,2022-06-06 18:37:00
2146,1.7713,1.785,1.765,1.785,43655,2022-06-06 18:38:00
2147,1.785,1.79,1.785,1.79,615,2022-06-06 18:39:00
2148,1.785,1.81,1.785,1.806,21686,2022-06-06 18:40:00
2149,1.81,1.81,1.8019,1.81,5077,2022-06-06 18:41:00
2150,1.81,1.81,1.81,1.81,200,2022-06-06 18:42:00
2151,1.81,1.82,1.81,1.815,5802,2022-06-06 18:43:00
2152,1.82,1.84,1.815,1.83,35103,2022-06-06 18:44:00
2153,1.825,1.83,1.82,1.825,12700,2022-06-06 18:45:00
2154,1.82,1.82,1.82,1.82,200,2022-06-06 18:46:00
2155,1.825,1.8252,1.825,1.8252,1340,2022-06-06 18:47:00
2156,1.825,1.825,1.825,1.825,200,2022-06-06 18:48:00
2157,1.825,1.83,1.825,1.83,1700,2022-06-06 18:49:00
2158,1.82,1.825,1.81,1.81,16471,2022-06-06 18:50:00
2159,1.815,1.815,1.815,1.815,2935,2022-06-06 18:51:00
2160,1.8181,1.83,1.815,1.82,21021,2022-06-06 18:52:00
2161,1.825,1.83,1.8225,1.825,5196,2022-06-06 18:53:00
2162,1.825,1.83,1.825,1.83,301,2022-06-06 18:54:00
2163,1.825,1.825,1.825,1.825,1597,2022-06-06 18:55:00
2164,1.825,1.825,1.81,1.815,11506,2022-06-06 18:56:00
2165,1.81,1.816,1.81,1.81,2600,2022-06-06 18:57:00
2166,1.815,1.815,1.81,1.815,3995,2022-06-06 18:58:00
2167,1.81,1.81,1.8,1.805,8434,2022-06-06 18:59:00
2168,1.805,1.805,1.8,1.8,6643,2022-06-06 19:00:00
2169,1.805,1.8088,1.8,1.8088,3887,2022-06-06 19:01:00
2170,1.8,1.805,1.8,1.8,11830,2022-06-06 19:02:00
2171,1.805,1.805,1.8,1.801,2586,2022-06-06 19:03:00
2172,1.8,1.8,1.8,1.8,300,2022-06-06 19:04:00
2173,1.805,1.805,1.8,1.8,2408,2022-06-06 19:05:00
2174,1.805,1.805,1.8,1.805,1944,2022-06-06 19:06:00
2175,1.8,1.8099,1.8,1.8,4931,2022-06-06 19:07:00
2176,1.805,1.805,1.8,1.8,2693,2022-06-06 19:08:00
2177,1.805,1.805,1.8,1.8,1281,2022-06-06 19:09:00
2178,1.805,1.805,1.8,1.8,11321,2022-06-06 19:10:00
2179,1.805,1.805,1.8,1.805,2150,2022-06-06 19:11:00
2180,1.805,1.805,1.805,1.805,1100,2022-06-06 19:12:00
2181,1.805,1.81,1.8,1.805,14231,2022-06-06 19:13:00
2182,1.8,1.81,1.8,1.8001,14283,2022-06-06 19:14:00
2183,1.805,1.805,1.79,1.795,18589,2022-06-06 19:15:00
2184,1.79,1.795,1.79,1.79,4300,2022-06-06 19:16:00
2185,1.79,1.795,1.79,1.795,1300,2022-06-06 19:17:00
2186,1.795,1.795,1.79,1.79,2400,2022-06-06 19:18:00
2187,1.795,1.795,1.79,1.795,700,2022-06-06 19:19:00
2188,1.795,1.795,1.79,1.795,2882,2022-06-06 19:20:00
2189,1.79,1.795,1.79,1.79,3135,2022-06-06 19:21:00
2190,1.795,1.795,1.79,1.795,2696,2022-06-06 19:22:00
2191,1.791,1.795,1.79,1.795,4550,2022-06-06 19:23:00
2192,1.79,1.795,1.79,1.795,2057,2022-06-06 19:24:00
2193,1.795,1.795,1.79,1.795,2385,2022-06-06 19:25:00
2194,1.79,1.795,1.78,1.785,74616,2022-06-06 19:26:00
2195,1.785,1.79,1.78,1.785,13087,2022-06-06 19:27:00
2196,1.785,1.79,1.78,1.785,2322,2022-06-06 19:28:00
2197,1.785,1.785,1.78,1.785,2659,2022-06-06 19:29:00
2198,1.785,1.785,1.78,1.785,3600,2022-06-06 19:30:00
2199,1.785,1.785,1.78,1.785,3400,2022-06-06 19:31:00
2200,1.78,1.79,1.78,1.785,9289,2022-06-06 19:32:00
2201,1.79,1.79,1.78,1.785,7431,2022-06-06 19:33:00
2202,1.78,1.79,1.78,1.785,6308,2022-06-06 19:34:00
2203,1.785,1.79,1.785,1.785,3268,2022-06-06 19:35:00
2204,1.785,1.79,1.78,1.785,8597,2022-06-06 19:36:00
2205,1.78,1.785,1.78,1.785,3300,2022-06-06 19:37:00
2206,1.785,1.79,1.78,1.785,5632,2022-06-06 19:38:00
2207,1.785,1.79,1.78,1.785,2300,2022-06-06 19:39:00
2208,1.785,1.79,1.78,1.785,7968,2022-06-06 19:40:00
2209,1.79,1.79,1.78,1.78,20147,2022-06-06 19:41:00
2210,1.785,1.79,1.7801,1.785,13166,2022-06-06 19:42:00
2211,1.785,1.79,1.78,1.785,10804,2022-06-06 19:43:00
2212,1.785,1.79,1.78,1.78,4491,2022-06-06 19:44:00
2213,1.785,1.79,1.78,1.78,13385,2022-06-06 19:45:00
2214,1.785,1.79,1.7801,1.785,4985,2022-06-06 19:46:00
2215,1.785,1.79,1.78,1.79,5592,2022-06-06 19:47:00
2216,1.785,1.79,1.78,1.785,4053,2022-06-06 19:48:00
2217,1.79,1.79,1.7801,1.785,4539,2022-06-06 19:49:00
2218,1.785,1.82,1.785,1.82,57537,2022-06-06 19:50:00
2219,1.818,1.82,1.81,1.82,20044,2022-06-06 19:51:00
2220,1.815,1.82,1.815,1.82,7043,2022-06-06 19:52:00
2221,1.82,1.83,1.82,1.83,39847,2022-06-06 19:53:00
2222,1.825,1.83,1.82,1.825,59414,2022-06-06 19:54:00
2223,1.83,1.83,1.825,1.83,6938,2022-06-06 19:55:00
2224,1.825,1.83,1.82,1.8283,48136,2022-06-06 19:56:00
2225,1.83,1.83,1.82,1.83,26340,2022-06-06 19:57:00
2226,1.83,1.83,1.82,1.83,44341,2022-06-06 19:58:00
2227,1.83,1.84,1.82,1.83,47933,2022-06-06 19:59:00
2228,1.83,1.83,1.83,1.83,82348,2022-06-06 20:00:00
2229,1.84,1.84,1.84,1.84,101,2022-06-06 20:04:00
2230,1.83,1.83,1.83,1.83,100,2022-06-06 21:20:00
2231,1.84,1.84,1.84,1.84,10278,2022-06-06 21:54:00
2232,1.83,1.83,1.83,1.83,200,2022-06-06 22:31:00
2233,1.84,1.84,1.84,1.84,230,2022-06-06 22:54:00
2234,1.84,1.84,1.84,1.84,600,2022-06-06 22:55:00
2235,1.85,1.85,1.85,1.85,801,2022-06-06 23:30:00
2236,1.85,1.85,1.85,1.85,5000,2022-06-06 23:32:00
2237,1.71,1.73,1.71,1.73,200,2022-06-07 08:00:00
2238,1.86,1.86,1.86,1.86,200,2022-06-07 10:39:00
2239,1.89,1.89,1.89,1.89,100,2022-06-07 11:00:00
2240,1.85,1.85,1.85,1.85,150,2022-06-07 11:02:00
2241,1.86,1.86,1.86,1.86,200,2022-06-07 11:04:00
2242,1.86,1.86,1.86,1.86,2200,2022-06-07 11:05:00
2243,1.85,1.85,1.85,1.85,830,2022-06-07 11:12:00
2244,1.88,1.88,1.88,1.88,200,2022-06-07 11:32:00
2245,1.86,1.86,1.86,1.86,100,2022-06-07 12:02:00
2246,1.85,1.85,1.85,1.85,2400,2022-06-07 12:06:00
2247,1.83,1.9,1.83,1.85,85181,2022-06-07 13:30:00
2248,1.85,1.855,1.81,1.845,56518,2022-06-07 13:31:00
2249,1.85,1.86,1.85,1.86,4099,2022-06-07 13:32:00
2250,1.865,1.895,1.865,1.895,11800,2022-06-07 13:33:00
2251,1.8992,1.91,1.87,1.91,17589,2022-06-07 13:34:00
2252,1.9143,1.9143,1.88,1.88,24640,2022-06-07 13:35:00
2253,1.88,1.88,1.851,1.86,20704,2022-06-07 13:36:00
2254,1.86,1.86,1.85,1.85,7517,2022-06-07 13:37:00
2255,1.85,1.86,1.8401,1.85,10535,2022-06-07 13:38:00
2256,1.86,1.86,1.85,1.855,5938,2022-06-07 13:39:00
2257,1.855,1.86,1.85,1.86,6017,2022-06-07 13:40:00
2258,1.865,1.865,1.86,1.86,458,2022-06-07 13:41:00
2259,1.86,1.87,1.86,1.86,2295,2022-06-07 13:42:00
2260,1.855,1.855,1.855,1.855,401,2022-06-07 13:43:00
2261,1.85,1.86,1.85,1.85,800,2022-06-07 13:44:00
2262,1.85,1.85,1.84,1.84,2918,2022-06-07 13:45:00
2263,1.84,1.84,1.84,1.84,599,2022-06-07 13:46:00
2264,1.84,1.84,1.83,1.83,1131,2022-06-07 13:47:00
2265,1.83,1.84,1.83,1.83,500,2022-06-07 13:48:00
2266,1.83,1.855,1.83,1.855,13000,2022-06-07 13:49:00
2267,1.86,1.8635,1.86,1.8635,4268,2022-06-07 13:50:00
2268,1.87,1.88,1.865,1.88,4500,2022-06-07 13:51:00
2269,1.88,1.88,1.8601,1.865,3318,2022-06-07 13:52:00
2270,1.86,1.89,1.86,1.87,24923,2022-06-07 13:53:00
2271,1.865,1.865,1.86,1.86,835,2022-06-07 13:54:00
2272,1.855,1.855,1.852,1.852,979,2022-06-07 13:55:00
2273,1.855,1.87,1.855,1.87,2584,2022-06-07 13:56:00
2274,1.8613,1.865,1.8613,1.865,5379,2022-06-07 13:57:00
2275,1.865,1.865,1.865,1.865,100,2022-06-07 13:58:00
2276,1.86,1.865,1.86,1.86,700,2022-06-07 13:59:00
2277,1.86,1.865,1.86,1.86,600,2022-06-07 14:00:00
2278,1.865,1.865,1.85,1.85,5729,2022-06-07 14:01:00
2279,1.85,1.8581,1.85,1.85,4150,2022-06-07 14:02:00
2280,1.85,1.85,1.835,1.835,6890,2022-06-07 14:03:00
2281,1.83,1.83,1.82,1.825,1716,2022-06-07 14:04:00
2282,1.82,1.8301,1.82,1.8301,7710,2022-06-07 14:05:00
2283,1.83,1.83,1.82,1.82,4000,2022-06-07 14:06:00
2284,1.825,1.825,1.82,1.825,1900,2022-06-07 14:07:00
2285,1.82,1.82,1.815,1.815,1800,2022-06-07 14:08:00
2286,1.81,1.815,1.81,1.81,2581,2022-06-07 14:09:00
2287,1.815,1.818,1.815,1.818,200,2022-06-07 14:10:00
2288,1.81,1.81,1.81,1.81,100,2022-06-07 14:11:00
2289,1.818,1.82,1.818,1.82,5126,2022-06-07 14:12:00
2290,1.825,1.825,1.82,1.8225,900,2022-06-07 14:13:00
2291,1.8225,1.825,1.81,1.81,10120,2022-06-07 14:14:00
2292,1.818,1.818,1.815,1.815,700,2022-06-07 14:15:00
2293,1.81,1.81,1.81,1.81,200,2022-06-07 14:16:00
2294,1.8141,1.8141,1.81,1.81,400,2022-06-07 14:17:00
2295,1.81,1.81,1.81,1.81,100,2022-06-07 14:18:00
2296,1.81,1.81,1.81,1.81,300,2022-06-07 14:19:00
2297,1.81,1.81,1.81,1.81,1641,2022-06-07 14:20:00
2298,1.81,1.81,1.81,1.81,200,2022-06-07 14:21:00
2299,1.81,1.815,1.81,1.81,2455,2022-06-07 14:22:00
2300,1.81,1.81,1.8,1.8,5151,2022-06-07 14:23:00
2301,1.8,1.807,1.8,1.8,550,2022-06-07 14:24:00
2302,1.8,1.8,1.8,1.8,200,2022-06-07 14:25:00
2303,1.8,1.8,1.8,1.8,100,2022-06-07 14:26:00
2304,1.8,1.805,1.8,1.805,1200,2022-06-07 14:27:00
2305,1.805,1.815,1.805,1.81,15056,2022-06-07 14:28:00
2306,1.81,1.81,1.805,1.81,1412,2022-06-07 14:29:00
2307,1.8,1.8,1.8,1.8,100,2022-06-07 14:30:00
2308,1.8001,1.805,1.8001,1.805,600,2022-06-07 14:31:00
2309,1.805,1.8085,1.8,1.8085,3075,2022-06-07 14:32:00
2310,1.805,1.81,1.805,1.81,13636,2022-06-07 14:33:00
2311,1.815,1.815,1.815,1.815,100,2022-06-07 14:34:00
2312,1.81,1.8101,1.805,1.805,8216,2022-06-07 14:35:00
2313,1.805,1.805,1.805,1.805,600,2022-06-07 14:36:00
2314,1.8,1.805,1.8,1.8,1100,2022-06-07 14:37:00
2315,1.805,1.805,1.8,1.805,3364,2022-06-07 14:38:00
2316,1.805,1.805,1.805,1.805,2400,2022-06-07 14:39:00
2317,1.8,1.805,1.8,1.805,300,2022-06-07 14:40:00
2318,1.8,1.815,1.8,1.815,18757,2022-06-07 14:41:00
2319,1.815,1.82,1.815,1.815,500,2022-06-07 14:42:00
2320,1.815,1.83,1.815,1.83,12649,2022-06-07 14:43:00
2321,1.825,1.83,1.81,1.81,10096,2022-06-07 14:44:00
2322,1.815,1.815,1.805,1.805,2216,2022-06-07 14:45:00
2323,1.81,1.815,1.805,1.815,17111,2022-06-07 14:46:00
2324,1.812,1.815,1.812,1.815,200,2022-06-07 14:47:00
2325,1.815,1.815,1.81,1.81,600,2022-06-07 14:49:00
2326,1.815,1.815,1.815,1.815,100,2022-06-07 14:50:00
2327,1.81,1.82,1.81,1.815,1000,2022-06-07 14:51:00
2328,1.81,1.81,1.802,1.802,4004,2022-06-07 14:52:00
2329,1.8,1.8,1.8,1.8,100,2022-06-07 14:54:00
2330,1.8,1.8,1.8,1.8,200,2022-06-07 14:55:00
2331,1.805,1.805,1.805,1.805,400,2022-06-07 14:56:00
2332,1.805,1.805,1.805,1.805,100,2022-06-07 14:57:00
2333,1.8,1.81,1.8,1.805,600,2022-06-07 14:58:00
2334,1.8,1.8,1.8,1.8,200,2022-06-07 14:59:00
2335,1.805,1.805,1.8,1.805,400,2022-06-07 15:00:00
2336,1.8,1.805,1.8,1.805,800,2022-06-07 15:01:00
2337,1.8,1.8,1.8,1.8,200,2022-06-07 15:02:00
2338,1.805,1.805,1.8,1.8,200,2022-06-07 15:03:00
2339,1.8,1.8,1.8,1.8,955,2022-06-07 15:04:00
2340,1.8,1.8,1.8,1.8,700,2022-06-07 15:05:00
2341,1.8,1.805,1.8,1.8,3839,2022-06-07 15:06:00
2342,1.8,1.8,1.79,1.79,4043,2022-06-07 15:07:00
2343,1.79,1.7985,1.79,1.79,700,2022-06-07 15:08:00
2344,1.79,1.79,1.79,1.79,200,2022-06-07 15:09:00
2345,1.795,1.8,1.79,1.795,1900,2022-06-07 15:10:00
2346,1.795,1.795,1.79,1.79,8417,2022-06-07 15:11:00
2347,1.79,1.79,1.78,1.78,5400,2022-06-07 15:12:00
2348,1.78,1.78,1.78,1.78,300,2022-06-07 15:13:00
2349,1.78,1.785,1.78,1.78,600,2022-06-07 15:14:00
2350,1.78,1.78,1.78,1.78,500,2022-06-07 15:15:00
2351,1.78,1.788,1.78,1.785,700,2022-06-07 15:16:00
2352,1.78,1.7852,1.78,1.78,900,2022-06-07 15:17:00
2353,1.78,1.78,1.78,1.78,400,2022-06-07 15:18:00
2354,1.78,1.785,1.78,1.78,647,2022-06-07 15:19:00
2355,1.78,1.78,1.77,1.775,6166,2022-06-07 15:20:00
2356,1.77,1.78,1.77,1.77,4594,2022-06-07 15:21:00
2357,1.77,1.77,1.77,1.77,365,2022-06-07 15:22:00
2358,1.77,1.775,1.77,1.77,500,2022-06-07 15:23:00
2359,1.77,1.775,1.77,1.775,3900,2022-06-07 15:24:00
2360,1.77,1.775,1.77,1.77,600,2022-06-07 15:25:00
2361,1.77,1.77,1.76,1.76,2972,2022-06-07 15:26:00
2362,1.76,1.76,1.76,1.76,700,2022-06-07 15:27:00
2363,1.76,1.76,1.76,1.76,300,2022-06-07 15:28:00
2364,1.76,1.76,1.76,1.76,1500,2022-06-07 15:29:00
2365,1.76,1.76,1.76,1.76,1917,2022-06-07 15:30:00
2366,1.76,1.76,1.75,1.7501,3971,2022-06-07 15:31:00
2367,1.75,1.75,1.75,1.75,300,2022-06-07 15:32:00
2368,1.75,1.76,1.75,1.75,1400,2022-06-07 15:33:00
2369,1.755,1.755,1.75,1.755,2700,2022-06-07 15:34:00
2370,1.755,1.755,1.75,1.75,1800,2022-06-07 15:35:00
2371,1.755,1.7581,1.75,1.7581,300,2022-06-07 15:36:00
2372,1.75,1.755,1.75,1.755,680,2022-06-07 15:37:00
2373,1.75,1.7552,1.75,1.75,2600,2022-06-07 15:38:00
2374,1.755,1.755,1.75,1.75,1630,2022-06-07 15:39:00
2375,1.75,1.7582,1.75,1.75,775,2022-06-07 15:40:00
2376,1.755,1.765,1.75,1.765,31140,2022-06-07 15:41:00
2377,1.765,1.765,1.76,1.76,6639,2022-06-07 15:42:00
2378,1.76,1.76,1.75,1.75,1450,2022-06-07 15:43:00
2379,1.755,1.755,1.755,1.755,1000,2022-06-07 15:44:00
2380,1.7565,1.7565,1.75,1.75,200,2022-06-07 15:45:00
2381,1.7587,1.7587,1.75,1.75,1200,2022-06-07 15:46:00
2382,1.75,1.76,1.75,1.755,1600,2022-06-07 15:47:00
2383,1.75,1.75,1.74,1.745,11019,2022-06-07 15:49:00
2384,1.74,1.74,1.74,1.74,1200,2022-06-07 15:50:00
2385,1.74,1.74,1.74,1.74,300,2022-06-07 15:51:00
2386,1.74,1.745,1.74,1.74,4100,2022-06-07 15:52:00
2387,1.74,1.755,1.74,1.75,36315,2022-06-07 15:53:00
2388,1.75,1.755,1.75,1.7501,701,2022-06-07 15:54:00
2389,1.75,1.7599,1.75,1.75,16600,2022-06-07 15:55:00
2390,1.75,1.7667,1.75,1.765,36046,2022-06-07 15:56:00
2391,1.765,1.77,1.765,1.77,8331,2022-06-07 15:58:00
2392,1.77,1.775,1.77,1.77,600,2022-06-07 15:59:00
2393,1.77,1.77,1.77,1.77,100,2022-06-07 16:00:00
2394,1.77,1.77,1.77,1.77,2400,2022-06-07 16:01:00
2395,1.76,1.76,1.76,1.76,100,2022-06-07 16:02:00
2396,1.76,1.7602,1.76,1.7602,600,2022-06-07 16:03:00
2397,1.76,1.7686,1.76,1.765,800,2022-06-07 16:04:00
2398,1.76,1.76,1.76,1.76,400,2022-06-07 16:05:00
2399,1.76,1.76,1.76,1.76,300,2022-06-07 16:06:00
2400,1.76,1.76,1.76,1.76,900,2022-06-07 16:07:00
2401,1.76,1.765,1.76,1.76,800,2022-06-07 16:08:00
2402,1.76,1.76,1.76,1.76,500,2022-06-07 16:09:00
2403,1.76,1.765,1.76,1.76,766,2022-06-07 16:10:00
2404,1.76,1.76,1.76,1.76,400,2022-06-07 16:11:00
2405,1.76,1.765,1.76,1.76,500,2022-06-07 16:12:00
2406,1.765,1.765,1.76,1.765,4257,2022-06-07 16:13:00
2407,1.765,1.765,1.76,1.765,2500,2022-06-07 16:14:00
2408,1.77,1.78,1.765,1.77,31262,2022-06-07 16:15:00
2409,1.77,1.77,1.76,1.76,10986,2022-06-07 16:16:00
2410,1.765,1.765,1.765,1.765,500,2022-06-07 16:17:00
2411,1.76,1.765,1.76,1.76,1598,2022-06-07 16:18:00
2412,1.76,1.76,1.745,1.745,22775,2022-06-07 16:19:00
2413,1.74,1.7481,1.74,1.7481,410,2022-06-07 16:20:00
2414,1.74,1.7484,1.74,1.74,600,2022-06-07 16:21:00
2415,1.74,1.745,1.74,1.745,600,2022-06-07 16:22:00
2416,1.74,1.7499,1.74,1.745,6282,2022-06-07 16:23:00
2417,1.74,1.745,1.74,1.745,500,2022-06-07 16:24:00
2418,1.74,1.74,1.74,1.74,300,2022-06-07 16:25:00
2419,1.745,1.745,1.745,1.745,900,2022-06-07 16:26:00
2420,1.745,1.755,1.74,1.755,26713,2022-06-07 16:27:00
2421,1.7585,1.7585,1.7585,1.7585,250,2022-06-07 16:28:00
2422,1.7599,1.7599,1.755,1.755,10500,2022-06-07 16:29:00
2423,1.75,1.755,1.75,1.755,619,2022-06-07 16:30:00
2424,1.755,1.76,1.755,1.76,600,2022-06-07 16:32:00
2425,1.755,1.77,1.755,1.77,9042,2022-06-07 16:33:00
2426,1.77,1.77,1.76,1.77,1700,2022-06-07 16:34:00
2427,1.77,1.77,1.76,1.765,3964,2022-06-07 16:35:00
2428,1.765,1.765,1.765,1.765,300,2022-06-07 16:36:00
2429,1.77,1.77,1.765,1.765,2398,2022-06-07 16:37:00
2430,1.7601,1.765,1.7601,1.765,5400,2022-06-07 16:38:00
2431,1.765,1.77,1.765,1.765,1000,2022-06-07 16:39:00
2432,1.765,1.77,1.765,1.765,874,2022-06-07 16:40:00
2433,1.77,1.77,1.765,1.765,700,2022-06-07 16:41:00
2434,1.768,1.768,1.765,1.765,591,2022-06-07 16:42:00
2435,1.77,1.77,1.765,1.77,400,2022-06-07 16:43:00
2436,1.7691,1.7691,1.76,1.765,2500,2022-06-07 16:44:00
2437,1.765,1.77,1.765,1.77,8636,2022-06-07 16:45:00
2438,1.77,1.77,1.765,1.765,1800,2022-06-07 16:46:00
2439,1.765,1.765,1.765,1.765,100,2022-06-07 16:47:00
2440,1.77,1.77,1.765,1.765,3436,2022-06-07 16:48:00
2441,1.77,1.77,1.77,1.77,100,2022-06-07 16:49:00
2442,1.765,1.765,1.76,1.765,900,2022-06-07 16:50:00
2443,1.765,1.765,1.76,1.76,2200,2022-06-07 16:51:00
2444,1.76,1.7693,1.76,1.765,7359,2022-06-07 16:52:00
2445,1.765,1.765,1.76,1.76,400,2022-06-07 16:53:00
2446,1.77,1.77,1.765,1.765,1100,2022-06-07 16:54:00
2447,1.765,1.765,1.76,1.76,600,2022-06-07 16:55:00
2448,1.76,1.765,1.76,1.765,600,2022-06-07 16:56:00
2449,1.76,1.765,1.76,1.76,700,2022-06-07 16:57:00
2450,1.76,1.77,1.76,1.77,500,2022-06-07 16:58:00
2451,1.765,1.7692,1.765,1.7692,3178,2022-06-07 16:59:00
2452,1.76,1.77,1.76,1.76,600,2022-06-07 17:00:00
2453,1.765,1.77,1.76,1.76,1446,2022-06-07 17:01:00
2454,1.76,1.765,1.76,1.76,1067,2022-06-07 17:02:00
2455,1.76,1.76,1.76,1.76,300,2022-06-07 17:03:00
2456,1.76,1.77,1.76,1.76,3138,2022-06-07 17:04:00
2457,1.765,1.765,1.76,1.76,3625,2022-06-07 17:05:00
2458,1.76,1.77,1.76,1.77,1392,2022-06-07 17:06:00
2459,1.765,1.765,1.76,1.76,308,2022-06-07 17:07:00
2460,1.765,1.77,1.765,1.77,2000,2022-06-07 17:08:00
2461,1.765,1.79,1.765,1.79,23537,2022-06-07 17:09:00
2462,1.79,1.79,1.785,1.79,2500,2022-06-07 17:10:00
2463,1.79,1.79,1.785,1.79,7800,2022-06-07 17:11:00
2464,1.79,1.79,1.79,1.79,1600,2022-06-07 17:12:00
2465,1.79,1.79,1.785,1.785,500,2022-06-07 17:14:00
2466,1.785,1.785,1.785,1.785,900,2022-06-07 17:15:00
2467,1.78,1.795,1.78,1.795,11449,2022-06-07 17:16:00
2468,1.8,1.8,1.795,1.7984,8300,2022-06-07 17:17:00
2469,1.79,1.795,1.79,1.795,1492,2022-06-07 17:18:00
2470,1.79,1.8,1.79,1.79,1100,2022-06-07 17:19:00
2471,1.795,1.795,1.79,1.79,200,2022-06-07 17:20:00
2472,1.795,1.795,1.79,1.79,300,2022-06-07 17:21:00
2473,1.79,1.8,1.79,1.8,2100,2022-06-07 17:22:00
2474,1.79,1.795,1.79,1.79,8810,2022-06-07 17:23:00
2475,1.79,1.7985,1.79,1.79,3715,2022-06-07 17:24:00
2476,1.79,1.79,1.785,1.785,9120,2022-06-07 17:25:00
2477,1.785,1.785,1.785,1.785,1177,2022-06-07 17:26:00
2478,1.785,1.7899,1.785,1.785,3600,2022-06-07 17:27:00
2479,1.785,1.79,1.785,1.785,14796,2022-06-07 17:28:00
2480,1.785,1.79,1.785,1.79,400,2022-06-07 17:29:00
2481,1.785,1.79,1.785,1.785,700,2022-06-07 17:30:00
2482,1.785,1.785,1.78,1.78,1200,2022-06-07 17:31:00
2483,1.79,1.8,1.79,1.795,7705,2022-06-07 17:32:00
2484,1.795,1.8,1.795,1.8,15973,2022-06-07 17:33:00
2485,1.8,1.8,1.8,1.8,700,2022-06-07 17:34:00
2486,1.8,1.8,1.8,1.8,700,2022-06-07 17:36:00
2487,1.8,1.805,1.8,1.805,2962,2022-06-07 17:37:00
2488,1.81,1.81,1.81,1.81,201,2022-06-07 17:38:00
2489,1.805,1.81,1.805,1.805,727,2022-06-07 17:40:00
2490,1.805,1.805,1.805,1.805,200,2022-06-07 17:41:00
2491,1.805,1.81,1.805,1.805,4774,2022-06-07 17:42:00
2492,1.81,1.81,1.805,1.805,2474,2022-06-07 17:43:00
2493,1.805,1.805,1.805,1.805,200,2022-06-07 17:44:00
2494,1.805,1.805,1.805,1.805,300,2022-06-07 17:45:00
2495,1.805,1.805,1.805,1.805,169,2022-06-07 17:46:00
2496,1.805,1.81,1.805,1.8082,800,2022-06-07 17:47:00
2497,1.805,1.82,1.805,1.82,7897,2022-06-07 17:48:00
2498,1.82,1.82,1.815,1.815,700,2022-06-07 17:49:00
2499,1.8115,1.8137,1.8115,1.8137,752,2022-06-07 17:50:00
2500,1.815,1.815,1.8101,1.8101,2900,2022-06-07 17:51:00
2501,1.815,1.82,1.815,1.815,1212,2022-06-07 17:52:00
2502,1.82,1.82,1.815,1.815,1000,2022-06-07 17:53:00
2503,1.815,1.82,1.815,1.82,1099,2022-06-07 17:54:00
2504,1.815,1.82,1.815,1.82,1400,2022-06-07 17:55:00
2505,1.815,1.815,1.815,1.815,400,2022-06-07 17:56:00
2506,1.815,1.82,1.815,1.815,300,2022-06-07 17:57:00
2507,1.815,1.82,1.81,1.815,2100,2022-06-07 17:58:00
2508,1.81,1.82,1.81,1.815,700,2022-06-07 17:59:00
2509,1.815,1.815,1.815,1.815,1000,2022-06-07 18:00:00
2510,1.815,1.815,1.815,1.815,300,2022-06-07 18:01:00
2511,1.815,1.82,1.815,1.82,2100,2022-06-07 18:02:00
2512,1.815,1.82,1.815,1.82,700,2022-06-07 18:03:00
2513,1.815,1.815,1.815,1.815,200,2022-06-07 18:04:00
2514,1.815,1.82,1.81,1.82,1480,2022-06-07 18:05:00
2515,1.82,1.82,1.815,1.815,11145,2022-06-07 18:06:00
2516,1.815,1.82,1.815,1.82,400,2022-06-07 18:07:00
2517,1.815,1.815,1.815,1.815,200,2022-06-07 18:08:00
2518,1.815,1.815,1.815,1.815,820,2022-06-07 18:09:00
2519,1.815,1.82,1.815,1.82,2100,2022-06-07 18:10:00
2520,1.815,1.82,1.815,1.815,1639,2022-06-07 18:11:00
2521,1.82,1.82,1.815,1.815,400,2022-06-07 18:12:00
2522,1.815,1.815,1.815,1.815,400,2022-06-07 18:13:00
2523,1.81,1.82,1.81,1.815,700,2022-06-07 18:14:00
2524,1.815,1.815,1.815,1.815,200,2022-06-07 18:15:00
2525,1.815,1.82,1.81,1.81,900,2022-06-07 18:17:00
2526,1.815,1.815,1.815,1.815,1100,2022-06-07 18:18:00
2527,1.81,1.82,1.81,1.815,2549,2022-06-07 18:19:00
2528,1.82,1.82,1.815,1.815,1627,2022-06-07 18:20:00
2529,1.82,1.82,1.815,1.815,2300,2022-06-07 18:21:00
2530,1.815,1.82,1.81,1.815,900,2022-06-07 18:22:00
2531,1.815,1.815,1.815,1.815,600,2022-06-07 18:23:00
2532,1.815,1.815,1.81,1.815,520,2022-06-07 18:24:00
2533,1.815,1.815,1.81,1.8101,18588,2022-06-07 18:25:00
2534,1.81,1.81,1.81,1.81,898,2022-06-07 18:27:00
2535,1.815,1.815,1.81,1.815,1600,2022-06-07 18:28:00
2536,1.81,1.82,1.81,1.81,1649,2022-06-07 18:29:00
2537,1.81,1.815,1.805,1.805,3868,2022-06-07 18:30:00
2538,1.8,1.81,1.8,1.81,1324,2022-06-07 18:31:00
2539,1.8,1.8,1.8,1.8,700,2022-06-07 18:32:00
2540,1.8,1.801,1.8,1.8,400,2022-06-07 18:33:00
2541,1.8,1.805,1.8,1.8,1100,2022-06-07 18:34:00
2542,1.8,1.805,1.8,1.8001,1502,2022-06-07 18:35:00
2543,1.8,1.8,1.8,1.8,800,2022-06-07 18:36:00
2544,1.8,1.805,1.8,1.8,700,2022-06-07 18:37:00
2545,1.805,1.81,1.805,1.81,28136,2022-06-07 18:38:00
2546,1.81,1.81,1.805,1.8063,7942,2022-06-07 18:39:00
2547,1.81,1.81,1.805,1.81,3200,2022-06-07 18:40:00
2548,1.81,1.81,1.805,1.81,1543,2022-06-07 18:41:00
2549,1.81,1.81,1.8,1.805,10750,2022-06-07 18:42:00
2550,1.805,1.8087,1.805,1.8087,1700,2022-06-07 18:43:00
2551,1.805,1.81,1.805,1.805,900,2022-06-07 18:44:00
2552,1.805,1.805,1.805,1.805,400,2022-06-07 18:45:00
2553,1.805,1.81,1.805,1.805,600,2022-06-07 18:46:00
2554,1.805,1.805,1.8,1.8,1500,2022-06-07 18:47:00
2555,1.805,1.8099,1.805,1.805,2400,2022-06-07 18:48:00
2556,1.805,1.81,1.8,1.8,1200,2022-06-07 18:49:00
2557,1.805,1.81,1.8,1.8,4062,2022-06-07 18:50:00
2558,1.8,1.81,1.8,1.8,2648,2022-06-07 18:51:00
2559,1.8,1.805,1.8,1.8,400,2022-06-07 18:52:00
2560,1.805,1.81,1.8,1.8,700,2022-06-07 18:53:00
2561,1.8,1.805,1.8,1.805,900,2022-06-07 18:54:00
2562,1.8,1.81,1.8,1.805,2200,2022-06-07 18:55:00
2563,1.805,1.81,1.8,1.81,600,2022-06-07 18:56:00
2564,1.805,1.81,1.8,1.805,2200,2022-06-07 18:57:00
2565,1.805,1.81,1.8,1.805,2965,2022-06-07 18:58:00
2566,1.81,1.81,1.805,1.805,1603,2022-06-07 18:59:00
2567,1.805,1.81,1.805,1.81,700,2022-06-07 19:00:00
2568,1.81,1.81,1.8,1.8057,2765,2022-06-07 19:02:00
2569,1.805,1.805,1.805,1.805,300,2022-06-07 19:03:00
2570,1.805,1.81,1.805,1.81,15337,2022-06-07 19:04:00
2571,1.81,1.815,1.81,1.815,5318,2022-06-07 19:05:00
2572,1.815,1.83,1.815,1.825,35395,2022-06-07 19:06:00
2573,1.83,1.83,1.825,1.825,800,2022-06-07 19:07:00
2574,1.83,1.83,1.825,1.825,500,2022-06-07 19:08:00
2575,1.825,1.8299,1.8215,1.825,1608,2022-06-07 19:09:00
2576,1.825,1.825,1.825,1.825,1300,2022-06-07 19:10:00
2577,1.825,1.825,1.82,1.825,3220,2022-06-07 19:11:00
2578,1.82,1.8201,1.81,1.815,13165,2022-06-07 19:12:00
2579,1.82,1.82,1.815,1.815,1100,2022-06-07 19:13:00
2580,1.815,1.815,1.81,1.81,200,2022-06-07 19:14:00
2581,1.815,1.815,1.81,1.81,2272,2022-06-07 19:15:00
2582,1.81,1.815,1.81,1.815,700,2022-06-07 19:16:00
2583,1.81,1.815,1.81,1.81,1600,2022-06-07 19:17:00
2584,1.81,1.815,1.81,1.815,1100,2022-06-07 19:18:00
2585,1.815,1.815,1.81,1.815,2982,2022-06-07 19:19:00
2586,1.815,1.815,1.81,1.81,5800,2022-06-07 19:20:00
2587,1.81,1.815,1.81,1.815,950,2022-06-07 19:21:00
2588,1.815,1.825,1.815,1.825,20816,2022-06-07 19:22:00
2589,1.825,1.83,1.825,1.83,900,2022-06-07 19:23:00
2590,1.825,1.8299,1.825,1.825,1150,2022-06-07 19:24:00
2591,1.825,1.83,1.82,1.83,1450,2022-06-07 19:25:00
2592,1.825,1.83,1.825,1.825,1000,2022-06-07 19:26:00
2593,1.825,1.825,1.825,1.825,841,2022-06-07 19:27:00
2594,1.825,1.825,1.82,1.825,1000,2022-06-07 19:28:00
2595,1.825,1.825,1.82,1.825,3300,2022-06-07 19:29:00
2596,1.825,1.83,1.82,1.825,7244,2022-06-07 19:30:00
2597,1.825,1.83,1.82,1.83,11793,2022-06-07 19:31:00
2598,1.83,1.83,1.825,1.83,3667,2022-06-07 19:32:00
2599,1.825,1.84,1.825,1.835,16749,2022-06-07 19:33:00
2600,1.84,1.84,1.8343,1.84,2598,2022-06-07 19:34:00
2601,1.84,1.84,1.835,1.84,900,2022-06-07 19:35:00
2602,1.84,1.84,1.835,1.84,1990,2022-06-07 19:36:00
2603,1.835,1.85,1.835,1.85,14273,2022-06-07 19:37:00
2604,1.845,1.85,1.845,1.85,1300,2022-06-07 19:38:00
2605,1.845,1.85,1.845,1.845,1625,2022-06-07 19:39:00
2606,1.85,1.85,1.845,1.845,2600,2022-06-07 19:40:00
2607,1.85,1.85,1.84,1.84,1947,2022-06-07 19:41:00
2608,1.85,1.85,1.84,1.85,6262,2022-06-07 19:42:00
2609,1.85,1.85,1.845,1.845,6349,2022-06-07 19:43:00
2610,1.85,1.85,1.845,1.85,4734,2022-06-07 19:44:00
2611,1.85,1.85,1.845,1.85,3246,2022-06-07 19:45:00
2612,1.845,1.855,1.845,1.855,12664,2022-06-07 19:46:00
2613,1.86,1.86,1.855,1.86,5701,2022-06-07 19:47:00
2614,1.855,1.86,1.855,1.855,4197,2022-06-07 19:48:00
2615,1.86,1.86,1.855,1.86,6196,2022-06-07 19:49:00
2616,1.855,1.86,1.855,1.86,11648,2022-06-07 19:50:00
2617,1.86,1.87,1.855,1.87,11681,2022-06-07 19:51:00
2618,1.865,1.88,1.865,1.88,12605,2022-06-07 19:52:00
2619,1.87,1.88,1.87,1.875,14148,2022-06-07 19:53:00
2620,1.875,1.88,1.875,1.875,4962,2022-06-07 19:54:00
2621,1.875,1.88,1.86,1.87,37998,2022-06-07 19:55:00
2622,1.865,1.87,1.86,1.87,3360,2022-06-07 19:56:00
2623,1.865,1.8696,1.86,1.865,26661,2022-06-07 19:57:00
2624,1.865,1.865,1.86,1.865,7100,2022-06-07 19:58:00
2625,1.865,1.87,1.86,1.86,39043,2022-06-07 19:59:00
2626,1.87,1.87,1.87,1.87,65748,2022-06-07 20:00:00
2627,1.85,1.85,1.85,1.85,534,2022-06-08 13:10:00
2628,1.86,1.87,1.85,1.87,39917,2022-06-08 13:30:00
2629,1.87,1.9,1.85,1.85,61935,2022-06-08 13:31:00
2630,1.84,1.84,1.8209,1.825,8300,2022-06-08 13:32:00
2631,1.8214,1.825,1.8214,1.825,4000,2022-06-08 13:33:00
2632,1.82,1.845,1.82,1.845,6991,2022-06-08 13:35:00
2633,1.85,1.8574,1.845,1.8544,900,2022-06-08 13:36:00
2634,1.855,1.855,1.855,1.855,100,2022-06-08 13:37:00
2635,1.855,1.87,1.855,1.865,8853,2022-06-08 13:38:00
2636,1.86,1.86,1.851,1.851,7473,2022-06-08 13:39:00
2637,1.8526,1.855,1.8526,1.855,200,2022-06-08 13:41:00
2638,1.8585,1.86,1.855,1.855,4446,2022-06-08 13:42:00
2639,1.855,1.855,1.855,1.855,100,2022-06-08 13:43:00
2640,1.85,1.855,1.85,1.85,5669,2022-06-08 13:44:00
2641,1.845,1.87,1.845,1.87,4758,2022-06-08 13:45:00
2642,1.875,1.875,1.875,1.875,300,2022-06-08 13:46:00
2643,1.87,1.875,1.87,1.87,6797,2022-06-08 13:47:00
2644,1.875,1.875,1.865,1.865,11935,2022-06-08 13:48:00
2645,1.865,1.865,1.865,1.865,100,2022-06-08 13:49:00
2646,1.865,1.865,1.865,1.865,100,2022-06-08 13:50:00
2647,1.8699,1.8699,1.855,1.855,6253,2022-06-08 13:51:00
2648,1.855,1.855,1.85,1.85,697,2022-06-08 13:52:00
2649,1.85,1.85,1.845,1.845,2808,2022-06-08 13:53:00
2650,1.845,1.85,1.84,1.84,1711,2022-06-08 13:54:00
2651,1.845,1.87,1.845,1.87,48447,2022-06-08 13:55:00
2652,1.875,1.88,1.875,1.88,500,2022-06-08 13:56:00
2653,1.875,1.885,1.875,1.885,3088,2022-06-08 13:57:00
2654,1.885,1.897,1.885,1.895,3208,2022-06-08 13:58:00
2655,1.895,1.9,1.89,1.89,400,2022-06-08 13:59:00
2656,1.895,1.895,1.895,1.895,300,2022-06-08 14:00:00
2657,1.89,1.895,1.88,1.885,10600,2022-06-08 14:01:00
2658,1.885,1.885,1.88,1.88,1000,2022-06-08 14:02:00
2659,1.885,1.885,1.88,1.88,700,2022-06-08 14:03:00
2660,1.88,1.885,1.88,1.885,700,2022-06-08 14:04:00
2661,1.885,1.8899,1.88,1.88,5650,2022-06-08 14:05:00
2662,1.885,1.885,1.875,1.88,25653,2022-06-08 14:06:00
2663,1.88,1.885,1.87,1.88,20507,2022-06-08 14:07:00
2664,1.89,1.89,1.87,1.885,30977,2022-06-08 14:08:00
2665,1.88,1.885,1.88,1.88,1976,2022-06-08 14:09:00
2666,1.88,1.88,1.86,1.865,16923,2022-06-08 14:10:00
2667,1.86,1.86,1.85,1.855,4982,2022-06-08 14:11:00
2668,1.855,1.855,1.855,1.855,500,2022-06-08 14:12:00
2669,1.855,1.855,1.85,1.85,1204,2022-06-08 14:13:00
2670,1.85,1.85,1.84,1.84,1279,2022-06-08 14:14:00
2671,1.84,1.84,1.835,1.835,8171,2022-06-08 14:15:00
2672,1.845,1.845,1.845,1.845,100,2022-06-08 14:16:00
2673,1.845,1.8491,1.845,1.845,2200,2022-06-08 14:17:00
2674,1.845,1.85,1.843,1.845,5100,2022-06-08 14:18:00
2675,1.845,1.845,1.845,1.845,200,2022-06-08 14:19:00
2676,1.8443,1.845,1.84,1.84,800,2022-06-08 14:20:00
2677,1.84,1.84,1.84,1.84,2000,2022-06-08 14:21:00
2678,1.84,1.84,1.84,1.84,200,2022-06-08 14:22:00
2679,1.8462,1.8462,1.845,1.845,2100,2022-06-08 14:23:00
2680,1.845,1.845,1.845,1.845,500,2022-06-08 14:24:00
2681,1.8499,1.859,1.845,1.85,16636,2022-06-08 14:26:00
2682,1.85,1.85,1.85,1.85,100,2022-06-08 14:27:00
2683,1.852,1.852,1.84,1.845,14178,2022-06-08 14:28:00
2684,1.845,1.845,1.845,1.845,100,2022-06-08 14:30:00
2685,1.84,1.84,1.84,1.84,100,2022-06-08 14:31:00
2686,1.845,1.845,1.845,1.845,100,2022-06-08 14:33:00
2687,1.845,1.845,1.845,1.845,200,2022-06-08 14:35:00
2688,1.84,1.84,1.84,1.84,2591,2022-06-08 14:36:00
2689,1.84,1.84,1.835,1.835,6610,2022-06-08 14:37:00
2690,1.835,1.835,1.835,1.835,900,2022-06-08 14:38:00
2691,1.835,1.835,1.835,1.835,303,2022-06-08 14:39:00
2692,1.83,1.835,1.83,1.835,902,2022-06-08 14:40:00
2693,1.835,1.835,1.835,1.835,1303,2022-06-08 14:41:00
2694,1.8325,1.835,1.83,1.835,4411,2022-06-08 14:42:00
2695,1.83,1.83,1.83,1.83,232,2022-06-08 14:43:00
2696,1.835,1.84,1.835,1.835,3000,2022-06-08 14:44:00
2697,1.835,1.845,1.83,1.84,13560,2022-06-08 14:45:00
2698,1.8426,1.855,1.8426,1.855,18111,2022-06-08 14:46:00
2699,1.855,1.855,1.855,1.855,300,2022-06-08 14:47:00
2700,1.855,1.855,1.845,1.845,15352,2022-06-08 14:48:00
2701,1.845,1.845,1.845,1.845,200,2022-06-08 14:49:00
2702,1.845,1.845,1.845,1.845,800,2022-06-08 14:50:00
2703,1.845,1.845,1.845,1.845,500,2022-06-08 14:51:00
2704,1.845,1.845,1.845,1.845,200,2022-06-08 14:52:00
2705,1.845,1.845,1.84,1.84,700,2022-06-08 14:53:00
2706,1.85,1.85,1.845,1.845,400,2022-06-08 14:54:00
2707,1.8401,1.8401,1.84,1.8401,550,2022-06-08 14:55:00
2708,1.84,1.8485,1.84,1.8485,1050,2022-06-08 14:56:00
2709,1.84,1.845,1.84,1.845,24684,2022-06-08 14:57:00
2710,1.84,1.84,1.84,1.84,200,2022-06-08 14:59:00
2711,1.84,1.84,1.84,1.84,200,2022-06-08 15:00:00
2712,1.85,1.85,1.84,1.84,431,2022-06-08 15:01:00
2713,1.84,1.84,1.84,1.84,800,2022-06-08 15:02:00
2714,1.84,1.84,1.835,1.835,5000,2022-06-08 15:03:00
2715,1.83,1.83,1.83,1.83,200,2022-06-08 15:04:00
2716,1.83,1.835,1.83,1.83,300,2022-06-08 15:05:00
2717,1.83,1.83,1.83,1.83,100,2022-06-08 15:07:00
2718,1.835,1.835,1.83,1.83,200,2022-06-08 15:08:00
2719,1.83,1.83,1.83,1.83,1932,2022-06-08 15:09:00
2720,1.835,1.835,1.835,1.835,300,2022-06-08 15:10:00
2721,1.83,1.835,1.83,1.835,300,2022-06-08 15:12:00
2722,1.83,1.83,1.83,1.83,100,2022-06-08 15:13:00
2723,1.835,1.835,1.835,1.835,500,2022-06-08 15:14:00
2724,1.84,1.845,1.835,1.845,11859,2022-06-08 15:15:00
2725,1.845,1.845,1.845,1.845,100,2022-06-08 15:17:00
2726,1.845,1.845,1.845,1.845,100,2022-06-08 15:18:00
2727,1.84,1.845,1.84,1.845,2100,2022-06-08 15:20:00
2728,1.845,1.845,1.845,1.845,400,2022-06-08 15:21:00
2729,1.845,1.845,1.841,1.841,501,2022-06-08 15:22:00
2730,1.845,1.845,1.84,1.84,1000,2022-06-08 15:23:00
2731,1.845,1.845,1.84,1.84,1100,2022-06-08 15:25:00
2732,1.85,1.85,1.845,1.845,650,2022-06-08 15:26:00
2733,1.845,1.845,1.845,1.845,100,2022-06-08 15:27:00
2734,1.845,1.845,1.845,1.845,500,2022-06-08 15:28:00
2735,1.845,1.85,1.845,1.845,300,2022-06-08 15:29:00
2736,1.845,1.845,1.845,1.845,200,2022-06-08 15:30:00
2737,1.845,1.845,1.845,1.845,200,2022-06-08 15:31:00
2738,1.845,1.845,1.845,1.845,100,2022-06-08 15:32:00
2739,1.8433,1.845,1.84,1.845,4312,2022-06-08 15:33:00
2740,1.845,1.845,1.84,1.84,500,2022-06-08 15:34:00
2741,1.845,1.845,1.845,1.845,200,2022-06-08 15:37:00
2742,1.845,1.845,1.845,1.845,300,2022-06-08 15:38:00
2743,1.8401,1.845,1.8401,1.845,400,2022-06-08 15:39:00
2744,1.8408,1.8408,1.84,1.84,600,2022-06-08 15:40:00
2745,1.84,1.845,1.835,1.845,19136,2022-06-08 15:41:00
2746,1.845,1.845,1.845,1.845,400,2022-06-08 15:42:00
2747,1.845,1.845,1.845,1.845,600,2022-06-08 15:43:00
2748,1.845,1.845,1.84,1.84,326,2022-06-08 15:44:00
2749,1.84,1.84,1.84,1.84,274,2022-06-08 15:45:00
2750,1.8408,1.8408,1.84,1.84,1200,2022-06-08 15:46:00
2751,1.84,1.84,1.84,1.84,100,2022-06-08 15:47:00
2752,1.845,1.845,1.84,1.84,2652,2022-06-08 15:48:00
2753,1.84,1.84,1.84,1.84,431,2022-06-08 15:50:00
2754,1.84,1.845,1.84,1.84,476,2022-06-08 15:51:00
2755,1.84,1.84,1.84,1.84,100,2022-06-08 15:53:00
2756,1.845,1.845,1.845,1.845,361,2022-06-08 15:54:00
2757,1.84,1.8485,1.84,1.845,2020,2022-06-08 15:56:00
2758,1.84,1.84,1.84,1.84,200,2022-06-08 15:57:00
2759,1.84,1.84,1.84,1.84,100,2022-06-08 15:58:00
2760,1.845,1.845,1.84,1.84,3000,2022-06-08 15:59:00
2761,1.84,1.845,1.84,1.84,2100,2022-06-08 16:00:00
2762,1.845,1.845,1.845,1.845,100,2022-06-08 16:02:00
2763,1.845,1.845,1.845,1.845,200,2022-06-08 16:03:00
2764,1.84,1.84,1.84,1.84,100,2022-06-08 16:04:00
2765,1.845,1.845,1.84,1.84,300,2022-06-08 16:05:00
2766,1.84,1.85,1.84,1.845,4680,2022-06-08 16:06:00
2767,1.8435,1.8435,1.8435,1.8435,300,2022-06-08 16:07:00
2768,1.84,1.84,1.84,1.84,100,2022-06-08 16:08:00
2769,1.84,1.845,1.835,1.84,30019,2022-06-08 16:09:00
2770,1.835,1.835,1.835,1.835,346,2022-06-08 16:10:00
2771,1.835,1.835,1.835,1.835,4300,2022-06-08 16:11:00
2772,1.835,1.835,1.835,1.835,100,2022-06-08 16:12:00
2773,1.835,1.835,1.835,1.835,600,2022-06-08 16:13:00
2774,1.835,1.835,1.835,1.835,300,2022-06-08 16:14:00
2775,1.84,1.84,1.84,1.84,677,2022-06-08 16:15:00
2776,1.835,1.84,1.835,1.835,500,2022-06-08 16:16:00
2777,1.835,1.835,1.831,1.831,442,2022-06-08 16:17:00
2778,1.83,1.83,1.83,1.83,1500,2022-06-08 16:18:00
2779,1.835,1.835,1.83,1.83,400,2022-06-08 16:19:00
2780,1.835,1.835,1.83,1.835,3131,2022-06-08 16:20:00
2781,1.83,1.83,1.83,1.83,200,2022-06-08 16:21:00
2782,1.83,1.83,1.83,1.83,3523,2022-06-08 16:22:00
2783,1.82,1.8205,1.82,1.8205,3700,2022-06-08 16:23:00
2784,1.825,1.825,1.825,1.825,200,2022-06-08 16:24:00
2785,1.825,1.825,1.82,1.82,3043,2022-06-08 16:25:00
2786,1.825,1.825,1.82,1.82,400,2022-06-08 16:26:00
2787,1.82,1.82,1.815,1.815,4790,2022-06-08 16:27:00
2788,1.815,1.815,1.81,1.81,300,2022-06-08 16:28:00
2789,1.815,1.815,1.81,1.81,300,2022-06-08 16:29:00
2790,1.81,1.815,1.81,1.815,605,2022-06-08 16:30:00
2791,1.8183,1.8183,1.8183,1.8183,300,2022-06-08 16:31:00
2792,1.81,1.81,1.805,1.805,3873,2022-06-08 16:32:00
2793,1.805,1.805,1.805,1.805,300,2022-06-08 16:34:00
2794,1.8,1.805,1.8,1.805,3800,2022-06-08 16:35:00
2795,1.805,1.805,1.805,1.805,200,2022-06-08 16:36:00
2796,1.8099,1.8099,1.8045,1.8093,340,2022-06-08 16:37:00
2797,1.8,1.805,1.8,1.8,1146,2022-06-08 16:38:00
2798,1.8,1.8,1.795,1.795,6540,2022-06-08 16:40:00
2799,1.795,1.795,1.795,1.795,100,2022-06-08 16:41:00
2800,1.79,1.795,1.79,1.7945,786,2022-06-08 16:43:00
2801,1.795,1.8,1.795,1.795,1400,2022-06-08 16:44:00
2802,1.795,1.7982,1.795,1.7982,340,2022-06-08 16:45:00
2803,1.795,1.7999,1.795,1.795,2500,2022-06-08 16:46:00
2804,1.795,1.795,1.795,1.795,600,2022-06-08 16:47:00
2805,1.7987,1.7987,1.795,1.795,1700,2022-06-08 16:48:00
2806,1.79,1.8,1.79,1.795,700,2022-06-08 16:49:00
2807,1.795,1.805,1.795,1.795,31843,2022-06-08 16:50:00
2808,1.795,1.8,1.795,1.8,300,2022-06-08 16:51:00
2809,1.795,1.8,1.79,1.8,800,2022-06-08 16:52:00
2810,1.795,1.8,1.79,1.79,1100,2022-06-08 16:53:00
2811,1.795,1.8,1.795,1.8,400,2022-06-08 16:54:00
2812,1.795,1.8,1.795,1.8,3000,2022-06-08 16:55:00
2813,1.8,1.805,1.795,1.795,25975,2022-06-08 16:56:00
2814,1.7901,1.8,1.785,1.785,15598,2022-06-08 16:57:00
2815,1.785,1.79,1.785,1.785,1537,2022-06-08 16:58:00
2816,1.785,1.8,1.785,1.8,8810,2022-06-08 16:59:00
2817,1.795,1.805,1.795,1.801,3005,2022-06-08 17:00:00
2818,1.805,1.805,1.805,1.805,100,2022-06-08 17:01:00
2819,1.8067,1.8067,1.8,1.805,500,2022-06-08 17:02:00
2820,1.805,1.81,1.805,1.81,800,2022-06-08 17:03:00
2821,1.805,1.805,1.8,1.8,4825,2022-06-08 17:04:00
2822,1.8,1.8,1.8,1.8,231,2022-06-08 17:05:00
2823,1.8,1.805,1.795,1.805,7731,2022-06-08 17:06:00
2824,1.805,1.805,1.805,1.805,300,2022-06-08 17:07:00
2825,1.805,1.805,1.8,1.8,236,2022-06-08 17:08:00
2826,1.805,1.805,1.805,1.805,100,2022-06-08 17:09:00
2827,1.801,1.805,1.8,1.8,600,2022-06-08 17:10:00
2828,1.805,1.805,1.805,1.805,100,2022-06-08 17:11:00
2829,1.81,1.81,1.81,1.81,500,2022-06-08 17:13:00
2830,1.805,1.805,1.805,1.805,100,2022-06-08 17:14:00
2831,1.805,1.805,1.805,1.805,500,2022-06-08 17:16:00
2832,1.805,1.805,1.805,1.805,300,2022-06-08 17:17:00
2833,1.8,1.81,1.8,1.805,4226,2022-06-08 17:19:00
2834,1.805,1.805,1.805,1.805,200,2022-06-08 17:21:00
2835,1.805,1.805,1.805,1.805,100,2022-06-08 17:22:00
2836,1.805,1.81,1.805,1.81,300,2022-06-08 17:23:00
2837,1.805,1.805,1.8,1.8,200,2022-06-08 17:24:00
2838,1.805,1.805,1.801,1.801,500,2022-06-08 17:25:00
2839,1.805,1.805,1.8,1.805,600,2022-06-08 17:27:00
2840,1.805,1.805,1.801,1.801,231,2022-06-08 17:28:00
2841,1.805,1.81,1.805,1.81,200,2022-06-08 17:29:00
2842,1.8,1.8,1.8,1.8,2097,2022-06-08 17:30:00
2843,1.8,1.8,1.795,1.795,12033,2022-06-08 17:31:00
2844,1.7984,1.7984,1.7984,1.7984,400,2022-06-08 17:32:00
2845,1.795,1.795,1.795,1.795,100,2022-06-08 17:34:00
2846,1.795,1.795,1.795,1.795,1100,2022-06-08 17:35:00
2847,1.7987,1.8,1.795,1.795,1700,2022-06-08 17:36:00
2848,1.791,1.795,1.791,1.795,300,2022-06-08 17:37:00
2849,1.7938,1.795,1.7938,1.795,600,2022-06-08 17:38:00
2850,1.795,1.8,1.795,1.795,400,2022-06-08 17:40:00
2851,1.795,1.795,1.795,1.795,100,2022-06-08 17:41:00
2852,1.795,1.7992,1.795,1.795,371,2022-06-08 17:42:00
2853,1.795,1.795,1.79,1.795,2200,2022-06-08 17:43:00
2854,1.795,1.795,1.795,1.795,200,2022-06-08 17:44:00
2855,1.795,1.795,1.795,1.795,300,2022-06-08 17:45:00
2856,1.795,1.795,1.795,1.795,200,2022-06-08 17:46:00
2857,1.795,1.795,1.795,1.795,400,2022-06-08 17:47:00
2858,1.795,1.795,1.79,1.79,700,2022-06-08 17:48:00
2859,1.795,1.795,1.795,1.795,400,2022-06-08 17:49:00
2860,1.795,1.795,1.795,1.795,900,2022-06-08 17:50:00
2861,1.795,1.795,1.79,1.79,2208,2022-06-08 17:51:00
2862,1.79,1.79,1.785,1.785,6820,2022-06-08 17:52:00
2863,1.78,1.79,1.78,1.785,5300,2022-06-08 17:53:00
2864,1.7882,1.7882,1.785,1.785,1000,2022-06-08 17:54:00
2865,1.785,1.81,1.78,1.79,2104045,2022-06-08 17:55:00
2866,1.785,1.79,1.78,1.79,5126,2022-06-08 17:56:00
2867,1.785,1.785,1.785,1.785,500,2022-06-08 17:57:00
2868,1.785,1.785,1.78,1.785,19302,2022-06-08 17:58:00
2869,1.78,1.78,1.78,1.78,3137,2022-06-08 17:59:00
2870,1.78,1.78,1.78,1.78,8276,2022-06-08 18:00:00
2871,1.78,1.78,1.77,1.775,6586,2022-06-08 18:01:00
2872,1.775,1.785,1.775,1.78,20118,2022-06-08 18:02:00
2873,1.78,1.78,1.78,1.78,2400,2022-06-08 18:03:00
2874,1.78,1.785,1.78,1.78,7406,2022-06-08 18:04:00
2875,1.78,1.78,1.78,1.78,2661,2022-06-08 18:05:00
2876,1.78,1.78,1.78,1.78,8870,2022-06-08 18:06:00
2877,1.78,1.78,1.78,1.78,2700,2022-06-08 18:07:00
2878,1.78,1.785,1.78,1.785,4321,2022-06-08 18:08:00
2879,1.78,1.78,1.775,1.775,1400,2022-06-08 18:09:00
2880,1.775,1.78,1.775,1.775,9536,2022-06-08 18:10:00
2881,1.775,1.78,1.775,1.778,4734,2022-06-08 18:11:00
2882,1.78,1.78,1.775,1.78,7437,2022-06-08 18:12:00
2883,1.78,1.78,1.775,1.775,4899,2022-06-08 18:13:00
2884,1.78,1.78,1.78,1.78,3047,2022-06-08 18:14:00
2885,1.78,1.785,1.78,1.785,3646,2022-06-08 18:15:00
2886,1.785,1.785,1.78,1.785,6282,2022-06-08 18:16:00
2887,1.78,1.78,1.775,1.775,2400,2022-06-08 18:17:00
2888,1.775,1.78,1.77,1.77,4030,2022-06-08 18:18:00
2889,1.775,1.775,1.775,1.775,300,2022-06-08 18:19:00
2890,1.78,1.78,1.775,1.775,1700,2022-06-08 18:20:00
2891,1.77,1.775,1.77,1.775,300,2022-06-08 18:21:00
2892,1.775,1.775,1.77,1.77,600,2022-06-08 18:22:00
2893,1.77,1.77,1.77,1.77,1200,2022-06-08 18:23:00
2894,1.77,1.78,1.77,1.77,4105,2022-06-08 18:24:00
2895,1.77,1.78,1.77,1.775,2300,2022-06-08 18:25:00
2896,1.778,1.78,1.77,1.775,500,2022-06-08 18:26:00
2897,1.78,1.78,1.77,1.77,2400,2022-06-08 18:27:00
2898,1.775,1.79,1.775,1.788,9940,2022-06-08 18:28:00
2899,1.785,1.79,1.78,1.785,5600,2022-06-08 18:29:00
2900,1.79,1.79,1.78,1.785,4422,2022-06-08 18:30:00
2901,1.78,1.79,1.78,1.79,8207,2022-06-08 18:31:00
2902,1.785,1.79,1.78,1.79,3900,2022-06-08 18:32:00
2903,1.78,1.795,1.78,1.795,12969,2022-06-08 18:33:00
2904,1.795,1.795,1.79,1.795,3000,2022-06-08 18:34:00
2905,1.79,1.79,1.785,1.785,5641,2022-06-08 18:35:00
2906,1.785,1.785,1.78,1.785,2996,2022-06-08 18:36:00
2907,1.78,1.785,1.78,1.785,2933,2022-06-08 18:37:00
2908,1.78,1.785,1.78,1.78,1400,2022-06-08 18:38:00
2909,1.78,1.78,1.78,1.78,2118,2022-06-08 18:39:00
2910,1.78,1.78,1.78,1.78,700,2022-06-08 18:40:00
2911,1.78,1.785,1.78,1.785,13429,2022-06-08 18:41:00
2912,1.78,1.785,1.78,1.78,4622,2022-06-08 18:42:00
2913,1.7881,1.7881,1.78,1.78,2323,2022-06-08 18:43:00
2914,1.7882,1.7882,1.78,1.78,1867,2022-06-08 18:44:00
2915,1.78,1.785,1.78,1.785,5666,2022-06-08 18:45:00
2916,1.78,1.78,1.78,1.78,3400,2022-06-08 18:46:00
2917,1.78,1.785,1.78,1.785,1100,2022-06-08 18:47:00
2918,1.78,1.785,1.78,1.78,2300,2022-06-08 18:48:00
2919,1.78,1.785,1.78,1.785,1492,2022-06-08 18:49:00
2920,1.78,1.785,1.775,1.78,14428,2022-06-08 18:50:00
2921,1.785,1.79,1.785,1.79,1100,2022-06-08 18:51:00
2922,1.78,1.78,1.78,1.78,5002,2022-06-08 18:52:00
2923,1.79,1.79,1.78,1.78,5401,2022-06-08 18:53:00
2924,1.78,1.785,1.78,1.785,3402,2022-06-08 18:54:00
2925,1.78,1.785,1.78,1.785,5800,2022-06-08 18:55:00
2926,1.78,1.785,1.78,1.785,8549,2022-06-08 18:56:00
2927,1.785,1.785,1.785,1.785,2322,2022-06-08 18:57:00
2928,1.785,1.785,1.78,1.78,5538,2022-06-08 18:58:00
2929,1.78,1.78,1.78,1.78,2031,2022-06-08 18:59:00
2930,1.78,1.7899,1.78,1.78,8799,2022-06-08 19:00:00
2931,1.785,1.7884,1.78,1.78,1780,2022-06-08 19:01:00
2932,1.78,1.79,1.78,1.785,10775,2022-06-08 19:02:00
2933,1.78,1.78,1.78,1.78,1800,2022-06-08 19:03:00
2934,1.78,1.7887,1.78,1.78,3527,2022-06-08 19:04:00
2935,1.78,1.78,1.775,1.775,2400,2022-06-08 19:05:00
2936,1.775,1.785,1.775,1.78,13637,2022-06-08 19:06:00
2937,1.78,1.78,1.78,1.78,1500,2022-06-08 19:07:00
2938,1.785,1.785,1.78,1.78,1921,2022-06-08 19:08:00
2939,1.78,1.78,1.775,1.78,22373,2022-06-08 19:09:00
2940,1.78,1.78,1.775,1.78,7936,2022-06-08 19:10:00
2941,1.78,1.78,1.775,1.775,5550,2022-06-08 19:11:00
2942,1.775,1.775,1.775,1.775,2641,2022-06-08 19:12:00
2943,1.775,1.78,1.7717,1.7717,2218,2022-06-08 19:13:00
2944,1.775,1.775,1.77,1.775,6500,2022-06-08 19:14:00
2945,1.775,1.775,1.77,1.77,500,2022-06-08 19:15:00
2946,1.775,1.775,1.77,1.775,800,2022-06-08 19:16:00
2947,1.775,1.7788,1.775,1.7788,2400,2022-06-08 19:17:00
2948,1.77,1.78,1.77,1.77,2085,2022-06-08 19:18:00
2949,1.77,1.78,1.77,1.77,700,2022-06-08 19:19:00
2950,1.78,1.78,1.775,1.775,1800,2022-06-08 19:20:00
2951,1.775,1.78,1.775,1.775,2745,2022-06-08 19:21:00
2952,1.77,1.78,1.77,1.7701,7800,2022-06-08 19:22:00
2953,1.7717,1.78,1.77,1.775,1797,2022-06-08 19:23:00
2954,1.775,1.78,1.775,1.78,1600,2022-06-08 19:24:00
2955,1.775,1.78,1.77,1.772,1799,2022-06-08 19:25:00
2956,1.78,1.78,1.77,1.775,800,2022-06-08 19:26:00
2957,1.78,1.78,1.77,1.78,2000,2022-06-08 19:27:00
2958,1.775,1.78,1.77,1.775,707,2022-06-08 19:28:00
2959,1.775,1.78,1.77,1.775,2568,2022-06-08 19:29:00
2960,1.77,1.78,1.77,1.775,700,2022-06-08 19:30:00
2961,1.775,1.78,1.77,1.775,2400,2022-06-08 19:31:00
2962,1.775,1.78,1.7737,1.775,1350,2022-06-08 19:32:00
2963,1.78,1.78,1.77,1.775,49852,2022-06-08 19:33:00
2964,1.775,1.775,1.765,1.765,32209,2022-06-08 19:34:00
2965,1.765,1.765,1.76,1.765,1146,2022-06-08 19:35:00
2966,1.765,1.765,1.76,1.765,600,2022-06-08 19:36:00
2967,1.765,1.765,1.76,1.765,1000,2022-06-08 19:37:00
2968,1.765,1.765,1.75,1.76,44667,2022-06-08 19:38:00
2969,1.755,1.755,1.75,1.75,9349,2022-06-08 19:39:00
2970,1.75,1.76,1.745,1.755,40476,2022-06-08 19:40:00
2971,1.755,1.7565,1.75,1.755,8490,2022-06-08 19:41:00
2972,1.75,1.755,1.75,1.75,14057,2022-06-08 19:42:00
2973,1.75,1.755,1.75,1.75,4147,2022-06-08 19:43:00
2974,1.755,1.755,1.75,1.755,7483,2022-06-08 19:44:00
2975,1.75,1.76,1.75,1.755,7045,2022-06-08 19:45:00
2976,1.75,1.755,1.75,1.755,7450,2022-06-08 19:46:00
2977,1.755,1.755,1.75,1.752,7719,2022-06-08 19:47:00
2978,1.75,1.755,1.75,1.75,7624,2022-06-08 19:48:00
2979,1.755,1.756,1.75,1.75,7074,2022-06-08 19:49:00
2980,1.75,1.755,1.74,1.74,30684,2022-06-08 19:50:00
2981,1.745,1.75,1.745,1.75,60161,2022-06-08 19:51:00
2982,1.745,1.75,1.7437,1.75,27652,2022-06-08 19:52:00
2983,1.75,1.75,1.745,1.75,59520,2022-06-08 19:53:00
2984,1.745,1.75,1.745,1.75,15394,2022-06-08 19:54:00
2985,1.75,1.75,1.74,1.75,11985,2022-06-08 19:55:00
2986,1.75,1.755,1.748,1.75,29757,2022-06-08 19:56:00
2987,1.75,1.755,1.75,1.755,12606,2022-06-08 19:57:00
2988,1.755,1.755,1.745,1.745,46648,2022-06-08 19:58:00
2989,1.75,1.75,1.74,1.745,69459,2022-06-08 19:59:00
2990,1.74,1.74,1.74,1.74,65685,2022-06-08 20:00:00
2991,1.79,1.79,1.79,1.79,100,2022-06-08 20:15:00
2992,1.77,1.78,1.77,1.78,900,2022-06-08 20:21:00
2993,1.78,1.78,1.78,1.78,459,2022-06-08 20:26:00
2994,1.78,1.78,1.78,1.78,100,2022-06-08 20:53:00
2995,1.76,1.76,1.76,1.76,500,2022-06-08 22:43:00
2996,1.76,1.76,1.76,1.76,300,2022-06-08 22:56:00
2997,1.76,1.76,1.76,1.76,100,2022-06-08 23:00:00
2998,1.76,1.76,1.76,1.76,200,2022-06-08 23:11:00
2999,1.76,1.76,1.76,1.76,1000,2022-06-08 23:30:00
3000,1.84,1.84,1.84,1.84,200,2022-06-09 12:37:00
3001,1.75,1.75,1.75,1.75,890,2022-06-09 13:29:00
3002,1.72,1.77,1.72,1.77,15430,2022-06-09 13:30:00
3003,1.73,1.75,1.73,1.75,5621,2022-06-09 13:31:00
3004,1.755,1.76,1.745,1.76,9022,2022-06-09 13:32:00
3005,1.76,1.76,1.75,1.75,2732,2022-06-09 13:33:00
3006,1.755,1.785,1.755,1.775,11148,2022-06-09 13:34:00
3007,1.775,1.78,1.745,1.76,18575,2022-06-09 13:35:00
3008,1.755,1.77,1.755,1.77,5900,2022-06-09 13:36:00
3009,1.765,1.765,1.75,1.75,12164,2022-06-09 13:37:00
3010,1.7546,1.7546,1.75,1.75,1050,2022-06-09 13:39:00
3011,1.75,1.75,1.735,1.735,7074,2022-06-09 13:40:00
3012,1.73,1.74,1.73,1.735,1300,2022-06-09 13:41:00
3013,1.7399,1.7399,1.73,1.73,3041,2022-06-09 13:42:00
3014,1.73,1.73,1.73,1.73,200,2022-06-09 13:43:00
3015,1.735,1.735,1.735,1.735,100,2022-06-09 13:44:00
3016,1.74,1.74,1.73,1.7382,3092,2022-06-09 13:45:00
3017,1.73,1.73,1.73,1.73,100,2022-06-09 13:46:00
3018,1.735,1.74,1.73,1.74,10089,2022-06-09 13:47:00
3019,1.7499,1.75,1.745,1.745,1085,2022-06-09 13:48:00
3020,1.7482,1.7482,1.745,1.745,1200,2022-06-09 13:49:00
3021,1.745,1.745,1.745,1.745,100,2022-06-09 13:51:00
3022,1.745,1.75,1.745,1.745,7899,2022-06-09 13:52:00
3023,1.745,1.745,1.74,1.745,4546,2022-06-09 13:54:00
3024,1.74,1.74,1.735,1.735,2178,2022-06-09 13:55:00
3025,1.73,1.73,1.725,1.725,4625,2022-06-09 13:56:00
3026,1.725,1.725,1.72,1.72,1367,2022-06-09 13:57:00
3027,1.725,1.725,1.7224,1.725,2238,2022-06-09 13:58:00
3028,1.7201,1.73,1.7201,1.725,2125,2022-06-09 13:59:00
3029,1.725,1.725,1.72,1.72,2000,2022-06-09 14:00:00
3030,1.725,1.725,1.725,1.725,1100,2022-06-09 14:01:00
3031,1.72,1.725,1.72,1.725,1100,2022-06-09 14:02:00
3032,1.725,1.725,1.725,1.725,600,2022-06-09 14:03:00
3033,1.725,1.725,1.72,1.72,2299,2022-06-09 14:04:00
3034,1.725,1.725,1.725,1.725,100,2022-06-09 14:05:00
3035,1.725,1.725,1.725,1.725,200,2022-06-09 14:06:00
3036,1.725,1.725,1.72,1.72,4380,2022-06-09 14:07:00
3037,1.72,1.725,1.72,1.725,88873,2022-06-09 14:08:00
3038,1.72,1.72,1.705,1.71,114627,2022-06-09 14:09:00
3039,1.71,1.72,1.7,1.72,35309,2022-06-09 14:10:00
3040,1.725,1.725,1.72,1.72,2155,2022-06-09 14:11:00
3041,1.725,1.725,1.725,1.725,100,2022-06-09 14:12:00
3042,1.7293,1.73,1.72,1.72,2155,2022-06-09 14:13:00
3043,1.7294,1.7294,1.725,1.725,1474,2022-06-09 14:14:00
3044,1.725,1.725,1.7243,1.7243,1100,2022-06-09 14:15:00
3045,1.725,1.725,1.725,1.725,100,2022-06-09 14:17:00
3046,1.72,1.725,1.715,1.715,11425,2022-06-09 14:18:00
3047,1.715,1.715,1.715,1.715,655,2022-06-09 14:20:00
3048,1.71,1.715,1.71,1.715,200,2022-06-09 14:21:00
3049,1.715,1.715,1.71,1.71,3792,2022-06-09 14:22:00
3050,1.71,1.71,1.71,1.71,200,2022-06-09 14:23:00
3051,1.71,1.71,1.71,1.71,100,2022-06-09 14:24:00
3052,1.71,1.7181,1.71,1.71,15620,2022-06-09 14:26:00
3053,1.71,1.712,1.71,1.71,4796,2022-06-09 14:27:00
3054,1.71,1.71,1.695,1.7,49956,2022-06-09 14:28:00
3055,1.7,1.71,1.695,1.705,51407,2022-06-09 14:29:00
3056,1.71,1.71,1.7,1.7,11361,2022-06-09 14:30:00
3057,1.7,1.7,1.695,1.695,5100,2022-06-09 14:31:00
3058,1.695,1.695,1.685,1.685,4312,2022-06-09 14:32:00
3059,1.685,1.685,1.68,1.68,690,2022-06-09 14:33:00
3060,1.685,1.685,1.685,1.685,200,2022-06-09 14:34:00
3061,1.685,1.69,1.6801,1.685,3024,2022-06-09 14:35:00
3062,1.685,1.69,1.685,1.685,900,2022-06-09 14:36:00
3063,1.685,1.69,1.685,1.6878,1836,2022-06-09 14:37:00
3064,1.685,1.6985,1.685,1.695,26537,2022-06-09 14:38:00
3065,1.695,1.695,1.695,1.695,100,2022-06-09 14:39:00
3066,1.69,1.695,1.69,1.69,1000,2022-06-09 14:40:00
3067,1.69,1.695,1.69,1.69,4100,2022-06-09 14:41:00
3068,1.69,1.69,1.675,1.675,14000,2022-06-09 14:42:00
3069,1.675,1.675,1.6734,1.6734,2500,2022-06-09 14:43:00
3070,1.675,1.675,1.675,1.675,300,2022-06-09 14:44:00
3071,1.67,1.675,1.67,1.675,800,2022-06-09 14:45:00
3072,1.67,1.67,1.67,1.67,100,2022-06-09 14:46:00
3073,1.675,1.675,1.675,1.675,2025,2022-06-09 14:47:00
3074,1.6751,1.678,1.67,1.675,28151,2022-06-09 14:48:00
3075,1.675,1.675,1.675,1.675,2797,2022-06-09 14:49:00
3076,1.675,1.675,1.675,1.675,1172,2022-06-09 14:50:00
3077,1.675,1.675,1.67,1.675,11411,2022-06-09 14:51:00
3078,1.675,1.68,1.675,1.675,2600,2022-06-09 14:54:00
3079,1.675,1.68,1.67,1.675,2600,2022-06-09 14:55:00
3080,1.675,1.69,1.675,1.685,27750,2022-06-09 14:56:00
3081,1.685,1.685,1.685,1.685,350,2022-06-09 14:57:00
3082,1.685,1.69,1.685,1.685,1510,2022-06-09 14:58:00
3083,1.6884,1.6884,1.68,1.68,871,2022-06-09 15:00:00
3084,1.69,1.69,1.68,1.68,300,2022-06-09 15:01:00
3085,1.685,1.685,1.67,1.675,12388,2022-06-09 15:02:00
3086,1.675,1.68,1.675,1.675,4300,2022-06-09 15:03:00
3087,1.68,1.68,1.66,1.665,164030,2022-06-09 15:04:00
3088,1.665,1.665,1.665,1.665,29500,2022-06-09 15:05:00
3089,1.66,1.66,1.66,1.66,400,2022-06-09 15:06:00
3090,1.67,1.67,1.66,1.665,7047,2022-06-09 15:07:00
3091,1.665,1.67,1.66,1.665,38263,2022-06-09 15:08:00
3092,1.665,1.67,1.66,1.6659,8918,2022-06-09 15:09:00
3093,1.665,1.67,1.665,1.67,47456,2022-06-09 15:10:00
3094,1.675,1.675,1.67,1.67,1679,2022-06-09 15:11:00
3095,1.675,1.675,1.675,1.675,1034,2022-06-09 15:12:00
3096,1.675,1.6797,1.67,1.675,5593,2022-06-09 15:13:00
3097,1.67,1.68,1.67,1.675,4712,2022-06-09 15:14:00
3098,1.68,1.68,1.675,1.675,300,2022-06-09 15:15:00
3099,1.67,1.675,1.67,1.67,2056,2022-06-09 15:16:00
3100,1.675,1.675,1.675,1.675,200,2022-06-09 15:17:00
3101,1.675,1.675,1.675,1.675,5100,2022-06-09 15:18:00
3102,1.675,1.675,1.675,1.675,100,2022-06-09 15:19:00
3103,1.675,1.675,1.67,1.67,20038,2022-06-09 15:20:00
3104,1.67,1.6781,1.665,1.67,21831,2022-06-09 15:21:00
3105,1.67,1.67,1.66,1.665,6561,2022-06-09 15:22:00
3106,1.665,1.665,1.665,1.665,2500,2022-06-09 15:23:00
3107,1.665,1.67,1.66,1.665,30735,2022-06-09 15:24:00
3108,1.665,1.6685,1.66,1.66,1690,2022-06-09 15:25:00
3109,1.665,1.665,1.665,1.665,100,2022-06-09 15:28:00
3110,1.665,1.665,1.665,1.665,3303,2022-06-09 15:29:00
3111,1.665,1.665,1.665,1.665,100,2022-06-09 15:30:00
3112,1.665,1.665,1.66,1.665,2800,2022-06-09 15:31:00
3113,1.6691,1.6691,1.665,1.665,300,2022-06-09 15:32:00
3114,1.665,1.67,1.665,1.67,4100,2022-06-09 15:33:00
3115,1.67,1.67,1.665,1.665,2303,2022-06-09 15:34:00
3116,1.665,1.67,1.665,1.665,24929,2022-06-09 15:35:00
3117,1.665,1.665,1.66,1.665,1890,2022-06-09 15:36:00
3118,1.66,1.665,1.66,1.6618,5999,2022-06-09 15:37:00
3119,1.665,1.67,1.6624,1.665,2200,2022-06-09 15:38:00
3120,1.665,1.665,1.665,1.665,300,2022-06-09 15:39:00
3121,1.665,1.665,1.665,1.665,700,2022-06-09 15:40:00
3122,1.665,1.665,1.66,1.665,2819,2022-06-09 15:41:00
3123,1.665,1.665,1.66,1.665,2300,2022-06-09 15:42:00
3124,1.67,1.67,1.66,1.665,55958,2022-06-09 15:43:00
3125,1.66,1.665,1.65,1.66,23387,2022-06-09 15:44:00
3126,1.655,1.66,1.655,1.655,2923,2022-06-09 15:45:00
3127,1.655,1.655,1.655,1.655,700,2022-06-09 15:46:00
3128,1.655,1.66,1.655,1.655,55955,2022-06-09 15:47:00
3129,1.655,1.665,1.655,1.665,32726,2022-06-09 15:48:00
3130,1.665,1.67,1.665,1.665,600,2022-06-09 15:49:00
3131,1.665,1.665,1.665,1.665,400,2022-06-09 15:50:00
3132,1.665,1.665,1.665,1.665,300,2022-06-09 15:51:00
3133,1.665,1.665,1.665,1.665,900,2022-06-09 15:52:00
3134,1.665,1.665,1.665,1.665,100,2022-06-09 15:53:00
3135,1.665,1.665,1.665,1.665,100,2022-06-09 15:54:00
3136,1.665,1.6699,1.66,1.665,2000,2022-06-09 15:56:00
3137,1.665,1.665,1.66,1.665,2400,2022-06-09 15:57:00
3138,1.665,1.665,1.665,1.665,100,2022-06-09 16:00:00
3139,1.665,1.665,1.665,1.665,100,2022-06-09 16:02:00
3140,1.665,1.665,1.665,1.665,1100,2022-06-09 16:04:00
3141,1.665,1.665,1.66,1.66,3600,2022-06-09 16:05:00
3142,1.665,1.665,1.66,1.665,1100,2022-06-09 16:06:00
3143,1.665,1.665,1.66,1.66,400,2022-06-09 16:07:00
3144,1.665,1.665,1.665,1.665,300,2022-06-09 16:08:00
3145,1.665,1.665,1.665,1.665,200,2022-06-09 16:09:00
3146,1.665,1.665,1.665,1.665,1300,2022-06-09 16:10:00
3147,1.665,1.6681,1.66,1.66,408,2022-06-09 16:11:00
3148,1.66,1.665,1.66,1.665,300,2022-06-09 16:12:00
3149,1.67,1.67,1.66,1.66,10587,2022-06-09 16:14:00
3150,1.66,1.66,1.66,1.66,11109,2022-06-09 16:15:00
3151,1.66,1.66,1.645,1.645,23242,2022-06-09 16:16:00
3152,1.645,1.645,1.645,1.645,200,2022-06-09 16:17:00
3153,1.6483,1.6483,1.6401,1.645,2349,2022-06-09 16:18:00
3154,1.645,1.65,1.645,1.645,2350,2022-06-09 16:19:00
3155,1.645,1.645,1.645,1.645,500,2022-06-09 16:21:00
3156,1.645,1.655,1.645,1.655,19238,2022-06-09 16:22:00
3157,1.655,1.655,1.655,1.655,400,2022-06-09 16:23:00
3158,1.655,1.655,1.655,1.655,400,2022-06-09 16:25:00
3159,1.655,1.655,1.65,1.655,2200,2022-06-09 16:26:00
3160,1.655,1.655,1.65,1.65,1531,2022-06-09 16:28:00
3161,1.65,1.655,1.65,1.655,300,2022-06-09 16:29:00
3162,1.65,1.65,1.65,1.65,300,2022-06-09 16:30:00
3163,1.65,1.65,1.65,1.65,200,2022-06-09 16:31:00
3164,1.65,1.655,1.65,1.655,300,2022-06-09 16:32:00
3165,1.65,1.65,1.65,1.65,100,2022-06-09 16:33:00
3166,1.655,1.655,1.655,1.655,3100,2022-06-09 16:34:00
3167,1.655,1.655,1.655,1.655,400,2022-06-09 16:35:00
3168,1.65,1.655,1.65,1.65,1000,2022-06-09 16:36:00
3169,1.65,1.655,1.65,1.65,2500,2022-06-09 16:37:00
3170,1.655,1.655,1.6531,1.655,1600,2022-06-09 16:38:00
3171,1.65,1.66,1.65,1.65,1010,2022-06-09 16:39:00
3172,1.65,1.66,1.65,1.655,11500,2022-06-09 16:40:00
3173,1.655,1.655,1.65,1.65,3088,2022-06-09 16:41:00
3174,1.66,1.66,1.66,1.66,1000,2022-06-09 16:42:00
3175,1.66,1.66,1.655,1.655,4007,2022-06-09 16:43:00
3176,1.65,1.65,1.65,1.65,126,2022-06-09 16:44:00
3177,1.655,1.655,1.655,1.655,1636,2022-06-09 16:45:00
3178,1.655,1.655,1.655,1.655,100,2022-06-09 16:46:00
3179,1.66,1.66,1.655,1.655,51681,2022-06-09 16:47:00
3180,1.655,1.655,1.655,1.655,56984,2022-06-09 16:48:00
3181,1.655,1.655,1.65,1.65,200,2022-06-09 16:51:00
3182,1.655,1.655,1.655,1.655,100,2022-06-09 16:52:00
3183,1.655,1.655,1.655,1.655,200,2022-06-09 16:53:00
3184,1.65,1.66,1.645,1.655,45302,2022-06-09 16:54:00
3185,1.655,1.655,1.655,1.655,400,2022-06-09 16:55:00
3186,1.655,1.655,1.65,1.65,380,2022-06-09 16:56:00
3187,1.66,1.67,1.66,1.665,14316,2022-06-09 16:57:00
3188,1.66,1.665,1.66,1.66,4697,2022-06-09 16:58:00
3189,1.66,1.66,1.66,1.66,4832,2022-06-09 16:59:00
3190,1.66,1.665,1.655,1.655,7956,2022-06-09 17:00:00
3191,1.655,1.66,1.655,1.655,2044,2022-06-09 17:01:00
3192,1.655,1.66,1.655,1.655,441,2022-06-09 17:02:00
3193,1.655,1.655,1.655,1.655,100,2022-06-09 17:03:00
3194,1.655,1.655,1.655,1.655,5800,2022-06-09 17:04:00
3195,1.655,1.665,1.655,1.665,18995,2022-06-09 17:05:00
3196,1.665,1.665,1.655,1.655,10489,2022-06-09 17:06:00
3197,1.655,1.655,1.655,1.655,2334,2022-06-09 17:07:00
3198,1.655,1.655,1.655,1.655,200,2022-06-09 17:08:00
3199,1.655,1.655,1.645,1.65,41812,2022-06-09 17:09:00
3200,1.65,1.65,1.645,1.645,19443,2022-06-09 17:10:00
3201,1.65,1.6552,1.645,1.655,5147,2022-06-09 17:11:00
3202,1.655,1.655,1.645,1.645,18664,2022-06-09 17:12:00
3203,1.65,1.65,1.645,1.645,2519,2022-06-09 17:13:00
3204,1.645,1.65,1.645,1.645,1900,2022-06-09 17:14:00
3205,1.645,1.66,1.645,1.66,11987,2022-06-09 17:16:00
3206,1.655,1.655,1.655,1.655,400,2022-06-09 17:17:00
3207,1.655,1.655,1.655,1.655,100,2022-06-09 17:18:00
3208,1.6583,1.6583,1.645,1.645,9295,2022-06-09 17:19:00
3209,1.645,1.65,1.645,1.65,28566,2022-06-09 17:20:00
3210,1.655,1.655,1.655,1.655,1084,2022-06-09 17:21:00
3211,1.66,1.66,1.66,1.66,100,2022-06-09 17:22:00
3212,1.655,1.655,1.655,1.655,500,2022-06-09 17:23:00
3213,1.655,1.655,1.65,1.655,400,2022-06-09 17:24:00
3214,1.655,1.66,1.655,1.655,1900,2022-06-09 17:25:00
3215,1.65,1.65,1.645,1.645,13021,2022-06-09 17:26:00
3216,1.645,1.645,1.635,1.64,61052,2022-06-09 17:27:00
3217,1.645,1.65,1.645,1.645,500,2022-06-09 17:28:00
3218,1.645,1.645,1.64,1.6419,5600,2022-06-09 17:29:00
3219,1.64,1.65,1.64,1.65,10028,2022-06-09 17:30:00
3220,1.645,1.65,1.645,1.65,1400,2022-06-09 17:31:00
3221,1.645,1.645,1.645,1.645,500,2022-06-09 17:32:00
3222,1.64,1.65,1.64,1.65,300,2022-06-09 17:33:00
3223,1.645,1.65,1.645,1.645,2247,2022-06-09 17:34:00
3224,1.65,1.65,1.645,1.645,2607,2022-06-09 17:35:00
3225,1.645,1.65,1.6449,1.65,7501,2022-06-09 17:36:00
3226,1.655,1.655,1.655,1.655,200,2022-06-09 17:37:00
3227,1.655,1.655,1.655,1.655,600,2022-06-09 17:38:00
3228,1.655,1.655,1.6519,1.655,800,2022-06-09 17:39:00
3229,1.6551,1.6551,1.655,1.655,290,2022-06-09 17:40:00
3230,1.655,1.655,1.65,1.655,638,2022-06-09 17:41:00
3231,1.655,1.66,1.655,1.66,3297,2022-06-09 17:42:00
3232,1.655,1.655,1.64,1.65,12144,2022-06-09 17:43:00
3233,1.645,1.645,1.64,1.64,1208,2022-06-09 17:44:00
3234,1.65,1.65,1.64,1.64,800,2022-06-09 17:45:00
3235,1.64,1.645,1.64,1.645,200,2022-06-09 17:46:00
3236,1.65,1.65,1.645,1.65,321,2022-06-09 17:47:00
3237,1.64,1.645,1.64,1.645,300,2022-06-09 17:48:00
3238,1.6435,1.65,1.6435,1.645,1700,2022-06-09 17:49:00
3239,1.645,1.65,1.645,1.65,425,2022-06-09 17:50:00
3240,1.645,1.645,1.64,1.645,1100,2022-06-09 17:51:00
3241,1.65,1.65,1.65,1.65,200,2022-06-09 17:52:00
3242,1.645,1.65,1.64,1.65,3796,2022-06-09 17:53:00
3243,1.645,1.65,1.6402,1.6402,5000,2022-06-09 17:54:00
3244,1.645,1.65,1.645,1.645,400,2022-06-09 17:56:00
3245,1.65,1.65,1.645,1.645,500,2022-06-09 17:57:00
3246,1.645,1.645,1.645,1.645,300,2022-06-09 17:58:00
3247,1.65,1.65,1.645,1.65,820,2022-06-09 17:59:00
3248,1.65,1.65,1.64,1.645,1600,2022-06-09 18:00:00
3249,1.645,1.645,1.645,1.645,4863,2022-06-09 18:01:00
3250,1.645,1.645,1.63,1.64,48312,2022-06-09 18:02:00
3251,1.645,1.645,1.645,1.645,100,2022-06-09 18:03:00
3252,1.645,1.65,1.64,1.645,1200,2022-06-09 18:04:00
3253,1.65,1.65,1.645,1.65,3391,2022-06-09 18:05:00
3254,1.65,1.65,1.635,1.635,20483,2022-06-09 18:06:00
3255,1.635,1.64,1.63,1.64,4296,2022-06-09 18:07:00
3256,1.635,1.635,1.635,1.635,700,2022-06-09 18:10:00
3257,1.63,1.635,1.63,1.635,5299,2022-06-09 18:11:00
3258,1.6399,1.6399,1.62,1.62,12959,2022-06-09 18:12:00
3259,1.625,1.6261,1.62,1.62,1860,2022-06-09 18:13:00
3260,1.62,1.62,1.62,1.62,200,2022-06-09 18:14:00
3261,1.62,1.625,1.62,1.625,400,2022-06-09 18:15:00
3262,1.62,1.62,1.61,1.61,19852,2022-06-09 18:16:00
3263,1.61,1.61,1.61,1.61,200,2022-06-09 18:17:00
3264,1.615,1.62,1.61,1.615,11431,2022-06-09 18:18:00
3265,1.62,1.62,1.615,1.615,1100,2022-06-09 18:19:00
3266,1.61,1.62,1.6,1.6,38733,2022-06-09 18:20:00
3267,1.605,1.615,1.605,1.61,26091,2022-06-09 18:21:00
3268,1.6194,1.62,1.61,1.61,14350,2022-06-09 18:22:00
3269,1.619,1.619,1.605,1.605,6958,2022-06-09 18:23:00
3270,1.605,1.615,1.6,1.61,22043,2022-06-09 18:24:00
3271,1.61,1.61,1.605,1.6071,6984,2022-06-09 18:25:00
3272,1.605,1.61,1.6,1.6,9748,2022-06-09 18:26:00
3273,1.605,1.605,1.6,1.6,5085,2022-06-09 18:27:00
3274,1.605,1.605,1.6,1.6,5340,2022-06-09 18:28:00
3275,1.6,1.6001,1.595,1.595,6742,2022-06-09 18:29:00
3276,1.595,1.6096,1.595,1.605,16956,2022-06-09 18:30:00
3277,1.605,1.605,1.6,1.605,8505,2022-06-09 18:31:00
3278,1.6,1.6,1.6,1.6,5988,2022-06-09 18:32:00
3279,1.605,1.6085,1.6,1.6,6391,2022-06-09 18:33:00
3280,1.6,1.6,1.595,1.595,3544,2022-06-09 18:34:00
3281,1.595,1.6,1.5935,1.595,7345,2022-06-09 18:35:00
3282,1.595,1.6,1.595,1.595,39445,2022-06-09 18:36:00
3283,1.6,1.6,1.595,1.595,4961,2022-06-09 18:37:00
3284,1.595,1.6,1.595,1.595,9973,2022-06-09 18:38:00
3285,1.595,1.595,1.595,1.595,2835,2022-06-09 18:39:00
3286,1.595,1.6,1.595,1.6,29584,2022-06-09 18:40:00
3287,1.595,1.6,1.595,1.595,6518,2022-06-09 18:41:00
3288,1.6,1.6,1.5918,1.5918,2182,2022-06-09 18:42:00
3289,1.59,1.6,1.59,1.6,12923,2022-06-09 18:43:00
3290,1.5941,1.595,1.5941,1.595,379,2022-06-09 18:44:00
3291,1.595,1.6,1.59,1.595,11731,2022-06-09 18:45:00
3292,1.595,1.6,1.595,1.6,24301,2022-06-09 18:46:00
3293,1.6,1.6,1.595,1.595,27805,2022-06-09 18:47:00
3294,1.6,1.6,1.595,1.595,29887,2022-06-09 18:48:00
3295,1.6,1.6,1.595,1.6,49115,2022-06-09 18:49:00
3296,1.595,1.6,1.595,1.595,6087,2022-06-09 18:50:00
3297,1.595,1.6,1.595,1.595,1611,2022-06-09 18:51:00
3298,1.595,1.6,1.59,1.595,5230,2022-06-09 18:52:00
3299,1.595,1.595,1.57,1.575,148074,2022-06-09 18:53:00
3300,1.575,1.58,1.575,1.575,4573,2022-06-09 18:54:00
3301,1.58,1.58,1.575,1.58,24128,2022-06-09 18:55:00
3302,1.575,1.58,1.575,1.575,49568,2022-06-09 18:56:00
3303,1.5799,1.58,1.575,1.575,2200,2022-06-09 18:57:00
3304,1.5796,1.58,1.5748,1.58,1895,2022-06-09 18:58:00
3305,1.58,1.58,1.575,1.575,27400,2022-06-09 18:59:00
3306,1.57,1.578,1.565,1.575,55170,2022-06-09 19:00:00
3307,1.575,1.575,1.57,1.575,3350,2022-06-09 19:01:00
3308,1.575,1.575,1.57,1.57,1535,2022-06-09 19:02:00
3309,1.58,1.58,1.57,1.57,13353,2022-06-09 19:03:00
3310,1.575,1.58,1.575,1.578,1950,2022-06-09 19:04:00
3311,1.575,1.58,1.57,1.575,3200,2022-06-09 19:05:00
3312,1.575,1.585,1.57,1.585,2002263,2022-06-09 19:06:00
3313,1.59,1.62,1.588,1.595,120483,2022-06-09 19:07:00
3314,1.5992,1.5999,1.595,1.595,13421,2022-06-09 19:08:00
3315,1.595,1.595,1.5907,1.595,7800,2022-06-09 19:09:00
3316,1.595,1.595,1.595,1.595,2600,2022-06-09 19:10:00
3317,1.595,1.595,1.595,1.595,1400,2022-06-09 19:11:00
3318,1.5901,1.6,1.5901,1.595,34849,2022-06-09 19:12:00
3319,1.595,1.615,1.595,1.6101,28832,2022-06-09 19:13:00
3320,1.615,1.62,1.615,1.615,2200,2022-06-09 19:14:00
3321,1.615,1.625,1.615,1.625,8706,2022-06-09 19:15:00
3322,1.625,1.63,1.625,1.625,11200,2022-06-09 19:16:00
3323,1.625,1.625,1.625,1.625,2500,2022-06-09 19:17:00
3324,1.625,1.63,1.62,1.62,700,2022-06-09 19:18:00
3325,1.6209,1.63,1.62,1.63,3595,2022-06-09 19:19:00
3326,1.625,1.63,1.625,1.6257,6721,2022-06-09 19:20:00
3327,1.625,1.63,1.6207,1.625,6400,2022-06-09 19:21:00
3328,1.625,1.625,1.62,1.6201,15828,2022-06-09 19:22:00
3329,1.625,1.625,1.625,1.625,400,2022-06-09 19:23:00
3330,1.62,1.6284,1.62,1.62,33830,2022-06-09 19:24:00
3331,1.62,1.625,1.62,1.62,12426,2022-06-09 19:25:00
3332,1.625,1.625,1.62,1.62,1777,2022-06-09 19:26:00
3333,1.625,1.625,1.62,1.62,5484,2022-06-09 19:27:00
3334,1.62,1.625,1.62,1.62,1365,2022-06-09 19:28:00
3335,1.625,1.625,1.62,1.625,5899,2022-06-09 19:29:00
3336,1.625,1.6286,1.61,1.615,15609,2022-06-09 19:30:00
3337,1.615,1.615,1.6149,1.615,8835,2022-06-09 19:31:00
3338,1.615,1.615,1.61,1.61,7796,2022-06-09 19:32:00
3339,1.615,1.615,1.61,1.615,6403,2022-06-09 19:33:00
3340,1.615,1.62,1.61,1.615,11449,2022-06-09 19:34:00
3341,1.615,1.62,1.61,1.615,8938,2022-06-09 19:35:00
3342,1.615,1.62,1.61,1.62,2316,2022-06-09 19:36:00
3343,1.62,1.62,1.61,1.61,4383,2022-06-09 19:37:00
3344,1.615,1.6157,1.615,1.615,2712,2022-06-09 19:38:00
3345,1.615,1.62,1.61,1.615,12132,2022-06-09 19:39:00
3346,1.615,1.62,1.61,1.62,3308,2022-06-09 19:40:00
3347,1.615,1.62,1.61,1.615,3182,2022-06-09 19:41:00
3348,1.615,1.62,1.61,1.615,4030,2022-06-09 19:42:00
3349,1.615,1.615,1.61,1.615,6586,2022-06-09 19:43:00
3350,1.615,1.62,1.61,1.615,7682,2022-06-09 19:44:00
3351,1.615,1.615,1.61,1.615,16410,2022-06-09 19:45:00
3352,1.615,1.62,1.61,1.615,4019,2022-06-09 19:46:00
3353,1.61,1.62,1.61,1.615,6860,2022-06-09 19:47:00
3354,1.615,1.62,1.61,1.615,10611,2022-06-09 19:48:00
3355,1.615,1.62,1.61,1.615,11782,2022-06-09 19:49:00
3356,1.615,1.62,1.61,1.615,10497,2022-06-09 19:50:00
3357,1.615,1.62,1.61,1.615,7520,2022-06-09 19:51:00
3358,1.615,1.62,1.61,1.615,15511,2022-06-09 19:52:00
3359,1.615,1.62,1.61,1.615,21993,2022-06-09 19:53:00
3360,1.615,1.62,1.61,1.61,10470,2022-06-09 19:54:00
3361,1.615,1.62,1.61,1.62,11509,2022-06-09 19:55:00
3362,1.61,1.62,1.61,1.615,19358,2022-06-09 19:56:00
3363,1.615,1.62,1.61,1.615,22796,2022-06-09 19:57:00
3364,1.615,1.62,1.61,1.615,58675,2022-06-09 19:58:00
3365,1.615,1.62,1.61,1.61,25497,2022-06-09 19:59:00
3366,1.61,1.61,1.61,1.61,53975,2022-06-09 20:00:00
3367,1.61,1.61,1.61,1.61,150,2022-06-09 20:17:00
3368,1.62,1.62,1.62,1.62,100,2022-06-09 20:42:00
3369,1.63,1.63,1.63,1.63,100,2022-06-09 20:55:00
3370,1.64,1.64,1.64,1.64,103,2022-06-09 22:57:00
3371,1.64,1.64,1.64,1.64,300,2022-06-09 23:16:00
3372,1.66,1.66,1.66,1.66,100,2022-06-10 11:11:00
3373,1.62,1.62,1.62,1.62,100,2022-06-10 12:31:00
3374,1.62,1.62,1.62,1.62,699,2022-06-10 12:49:00
3375,1.62,1.62,1.62,1.62,100,2022-06-10 13:29:00
3376,1.63,1.63,1.63,1.63,33879,2022-06-10 13:30:00
3377,1.62,1.62,1.59,1.59,16176,2022-06-10 13:31:00
3378,1.59,1.59,1.58,1.58,22322,2022-06-10 13:32:00
3379,1.58,1.58,1.57,1.58,9744,2022-06-10 13:33:00
3380,1.57,1.575,1.57,1.575,1818,2022-06-10 13:34:00
3381,1.575,1.58,1.57,1.575,5540,2022-06-10 13:35:00
3382,1.5722,1.575,1.5722,1.575,362,2022-06-10 13:36:00
3383,1.575,1.575,1.5709,1.575,650,2022-06-10 13:37:00
3384,1.575,1.575,1.575,1.575,656,2022-06-10 13:38:00
3385,1.57,1.5785,1.57,1.5785,2500,2022-06-10 13:39:00
3386,1.575,1.585,1.575,1.585,10814,2022-06-10 13:40:00
3387,1.58,1.581,1.58,1.581,1639,2022-06-10 13:41:00
3388,1.588,1.59,1.585,1.585,4215,2022-06-10 13:42:00
3389,1.585,1.585,1.585,1.585,200,2022-06-10 13:43:00
3390,1.585,1.585,1.585,1.585,790,2022-06-10 13:44:00
3391,1.585,1.585,1.58,1.5801,5202,2022-06-10 13:45:00
3392,1.5801,1.5801,1.5801,1.5801,150,2022-06-10 13:46:00
3393,1.585,1.585,1.58,1.58,1700,2022-06-10 13:47:00
3394,1.58,1.585,1.58,1.58,1390,2022-06-10 13:48:00
3395,1.58,1.58,1.575,1.575,19979,2022-06-10 13:49:00
3396,1.58,1.5839,1.575,1.5839,4313,2022-06-10 13:50:00
3397,1.58,1.585,1.58,1.585,400,2022-06-10 13:51:00
3398,1.585,1.585,1.585,1.585,500,2022-06-10 13:53:00
3399,1.585,1.5899,1.585,1.585,950,2022-06-10 13:54:00
3400,1.58,1.585,1.58,1.585,4669,2022-06-10 13:55:00
3401,1.58,1.58,1.58,1.58,400,2022-06-10 13:56:00
3402,1.585,1.585,1.585,1.585,100,2022-06-10 13:57:00
3403,1.58,1.585,1.58,1.5822,3086,2022-06-10 13:59:00
3404,1.585,1.585,1.585,1.585,1900,2022-06-10 14:00:00
3405,1.58,1.58,1.575,1.575,5857,2022-06-10 14:02:00
3406,1.57,1.575,1.57,1.57,12736,2022-06-10 14:03:00
3407,1.5728,1.5728,1.56,1.565,8078,2022-06-10 14:04:00
3408,1.56,1.56,1.56,1.56,150,2022-06-10 14:05:00
3409,1.565,1.565,1.565,1.565,200,2022-06-10 14:06:00
3410,1.56,1.56,1.56,1.56,2400,2022-06-10 14:07:00
3411,1.565,1.565,1.56,1.56,3756,2022-06-10 14:09:00
3412,1.56,1.56,1.56,1.56,4881,2022-06-10 14:10:00
3413,1.56,1.56,1.55,1.55,3800,2022-06-10 14:11:00
3414,1.55,1.55,1.55,1.55,10512,2022-06-10 14:12:00
3415,1.54,1.54,1.54,1.54,2821,2022-06-10 14:13:00
3416,1.545,1.55,1.545,1.545,2300,2022-06-10 14:15:00
3417,1.545,1.55,1.545,1.55,10817,2022-06-10 14:16:00
3418,1.55,1.55,1.545,1.545,2800,2022-06-10 14:17:00
3419,1.545,1.545,1.545,1.545,100,2022-06-10 14:18:00
3420,1.545,1.5499,1.545,1.5499,865,2022-06-10 14:19:00
3421,1.545,1.55,1.545,1.548,4632,2022-06-10 14:20:00
3422,1.545,1.55,1.54,1.545,2291,2022-06-10 14:21:00
3423,1.545,1.55,1.54,1.55,60423,2022-06-10 14:22:00
3424,1.55,1.55,1.545,1.545,2900,2022-06-10 14:23:00
3425,1.545,1.555,1.545,1.555,8769,2022-06-10 14:24:00
3426,1.555,1.56,1.555,1.56,27327,2022-06-10 14:25:00
3427,1.56,1.56,1.555,1.56,12346,2022-06-10 14:26:00
3428,1.555,1.5599,1.55,1.558,7700,2022-06-10 14:27:00
3429,1.555,1.56,1.555,1.555,1100,2022-06-10 14:28:00
3430,1.56,1.565,1.555,1.565,14199,2022-06-10 14:29:00
3431,1.565,1.57,1.565,1.565,900,2022-06-10 14:30:00
3432,1.565,1.565,1.565,1.565,400,2022-06-10 14:31:00
3433,1.565,1.57,1.565,1.5652,4600,2022-06-10 14:32:00
3434,1.565,1.57,1.565,1.565,700,2022-06-10 14:33:00
3435,1.565,1.57,1.565,1.5676,800,2022-06-10 14:34:00
3436,1.565,1.57,1.565,1.565,1200,2022-06-10 14:35:00
3437,1.565,1.565,1.565,1.565,1400,2022-06-10 14:36:00
3438,1.565,1.57,1.565,1.565,1300,2022-06-10 14:37:00
3439,1.565,1.57,1.565,1.565,20184,2022-06-10 14:38:00
3440,1.565,1.57,1.565,1.565,1600,2022-06-10 14:39:00
3441,1.565,1.5694,1.565,1.565,7100,2022-06-10 14:40:00
3442,1.5697,1.57,1.565,1.565,1090,2022-06-10 14:41:00
3443,1.565,1.565,1.565,1.565,1600,2022-06-10 14:42:00
3444,1.57,1.57,1.565,1.565,900,2022-06-10 14:43:00
3445,1.565,1.57,1.565,1.57,5076,2022-06-10 14:44:00
3446,1.565,1.57,1.565,1.565,800,2022-06-10 14:45:00
3447,1.565,1.57,1.565,1.565,900,2022-06-10 14:46:00
3448,1.565,1.569,1.565,1.565,1900,2022-06-10 14:47:00
3449,1.565,1.57,1.565,1.565,1000,2022-06-10 14:48:00
3450,1.565,1.57,1.565,1.565,800,2022-06-10 14:49:00
3451,1.5699,1.57,1.565,1.565,30275,2022-06-10 14:50:00
3452,1.565,1.57,1.565,1.569,4050,2022-06-10 14:51:00
3453,1.565,1.57,1.565,1.565,1200,2022-06-10 14:52:00
3454,1.57,1.57,1.565,1.57,1100,2022-06-10 14:53:00
3455,1.57,1.57,1.565,1.57,1400,2022-06-10 14:54:00
3456,1.565,1.57,1.565,1.565,2100,2022-06-10 14:55:00
3457,1.57,1.57,1.565,1.565,9893,2022-06-10 14:56:00
3458,1.57,1.57,1.565,1.565,2800,2022-06-10 14:57:00
3459,1.565,1.565,1.565,1.565,800,2022-06-10 14:58:00
3460,1.57,1.57,1.565,1.565,800,2022-06-10 14:59:00
3461,1.569,1.57,1.565,1.565,1300,2022-06-10 15:00:00
3462,1.565,1.57,1.565,1.565,800,2022-06-10 15:01:00
3463,1.569,1.57,1.565,1.565,10000,2022-06-10 15:02:00
3464,1.565,1.57,1.565,1.57,1500,2022-06-10 15:03:00
3465,1.565,1.565,1.565,1.565,600,2022-06-10 15:04:00
3466,1.57,1.57,1.565,1.565,2300,2022-06-10 15:05:00
3467,1.565,1.57,1.565,1.565,1100,2022-06-10 15:06:00
3468,1.565,1.565,1.565,1.565,1600,2022-06-10 15:07:00
3469,1.561,1.57,1.561,1.565,7450,2022-06-10 15:08:00
3470,1.565,1.57,1.565,1.565,900,2022-06-10 15:09:00
3471,1.565,1.57,1.565,1.565,2035,2022-06-10 15:10:00
3472,1.565,1.565,1.555,1.555,15818,2022-06-10 15:11:00
3473,1.5599,1.5599,1.55,1.5501,328,2022-06-10 15:13:00
3474,1.55,1.5553,1.55,1.5553,3392,2022-06-10 15:14:00
3475,1.55,1.55,1.55,1.55,3872,2022-06-10 15:15:00
3476,1.555,1.555,1.55,1.55,5410,2022-06-10 15:16:00
3477,1.555,1.555,1.5401,1.5401,2690,2022-06-10 15:17:00
3478,1.55,1.55,1.545,1.545,1145,2022-06-10 15:18:00
3479,1.545,1.545,1.545,1.545,192,2022-06-10 15:19:00
3480,1.541,1.541,1.541,1.541,284,2022-06-10 15:20:00
3481,1.54,1.545,1.54,1.541,5510,2022-06-10 15:21:00
3482,1.5446,1.545,1.541,1.541,841,2022-06-10 15:22:00
3483,1.545,1.545,1.53,1.53,18121,2022-06-10 15:24:00
3484,1.53,1.53,1.52,1.52,5130,2022-06-10 15:25:00
3485,1.525,1.525,1.521,1.521,762,2022-06-10 15:26:00
3486,1.525,1.525,1.52,1.521,11985,2022-06-10 15:27:00
3487,1.52,1.52,1.52,1.52,5884,2022-06-10 15:28:00
3488,1.52,1.5201,1.515,1.515,3998,2022-06-10 15:29:00
3489,1.515,1.52,1.51,1.515,20547,2022-06-10 15:30:00
3490,1.515,1.515,1.515,1.515,300,2022-06-10 15:31:00
3491,1.5119,1.5119,1.5119,1.5119,100,2022-06-10 15:33:00
3492,1.5152,1.5152,1.5152,1.5152,300,2022-06-10 15:34:00
3493,1.51,1.515,1.49,1.495,121799,2022-06-10 15:35:00
3494,1.495,1.505,1.49,1.505,15351,2022-06-10 15:36:00
3495,1.505,1.515,1.5,1.515,45768,2022-06-10 15:37:00
3496,1.5101,1.515,1.51,1.515,11100,2022-06-10 15:38:00
3497,1.515,1.5175,1.51,1.51,6275,2022-06-10 15:39:00
3498,1.51,1.515,1.51,1.51,14481,2022-06-10 15:40:00
3499,1.51,1.513,1.51,1.51,3315,2022-06-10 15:41:00
3500,1.51,1.51,1.51,1.51,600,2022-06-10 15:42:00
3501,1.51,1.514,1.51,1.51,2772,2022-06-10 15:43:00
3502,1.51,1.515,1.51,1.515,1481,2022-06-10 15:44:00
3503,1.51,1.51,1.51,1.51,3400,2022-06-10 15:45:00
3504,1.51,1.5199,1.51,1.5199,2086,2022-06-10 15:46:00
3505,1.51,1.52,1.51,1.51,5622,2022-06-10 15:47:00
3506,1.515,1.515,1.51,1.51,750,2022-06-10 15:48:00
3507,1.51,1.51,1.51,1.51,3200,2022-06-10 15:49:00
3508,1.51,1.51,1.5,1.505,6297,2022-06-10 15:50:00
3509,1.5,1.505,1.5,1.505,4035,2022-06-10 15:51:00
3510,1.5,1.5,1.495,1.495,11665,2022-06-10 15:52:00
3511,1.495,1.5,1.48,1.4907,38929,2022-06-10 15:53:00
3512,1.5,1.5,1.49,1.495,20042,2022-06-10 15:54:00
3513,1.498,1.498,1.495,1.495,3000,2022-06-10 15:55:00
3514,1.495,1.5,1.495,1.495,600,2022-06-10 15:56:00
3515,1.5,1.5,1.495,1.495,9226,2022-06-10 15:57:00
3516,1.495,1.5,1.49,1.5,51738,2022-06-10 15:58:00
3517,1.495,1.5,1.495,1.5,11512,2022-06-10 15:59:00
3518,1.495,1.5,1.49,1.495,13654,2022-06-10 16:00:00
3519,1.495,1.495,1.49,1.495,7504,2022-06-10 16:01:00
3520,1.49,1.495,1.49,1.495,5729,2022-06-10 16:02:00
3521,1.492,1.495,1.49,1.49,2500,2022-06-10 16:03:00
3522,1.5,1.5,1.49,1.495,33111,2022-06-10 16:04:00
3523,1.495,1.5,1.49,1.5,2996,2022-06-10 16:05:00
3524,1.495,1.5,1.49,1.49,5787,2022-06-10 16:06:00
3525,1.5,1.5,1.49,1.5,14505,2022-06-10 16:07:00
3526,1.495,1.5,1.49,1.495,12500,2022-06-10 16:08:00
3527,1.495,1.51,1.49,1.5,9900,2022-06-10 16:09:00
3528,1.505,1.505,1.5,1.505,5733,2022-06-10 16:10:00
3529,1.5099,1.5099,1.5,1.505,6100,2022-06-10 16:12:00
3530,1.5,1.505,1.5,1.505,1102,2022-06-10 16:13:00
3531,1.505,1.51,1.5,1.505,3046,2022-06-10 16:15:00
3532,1.505,1.51,1.505,1.51,400,2022-06-10 16:16:00
3533,1.505,1.505,1.505,1.505,500,2022-06-10 16:17:00
3534,1.51,1.51,1.505,1.505,1600,2022-06-10 16:18:00
3535,1.505,1.51,1.505,1.51,800,2022-06-10 16:19:00
3536,1.505,1.505,1.505,1.505,900,2022-06-10 16:20:00
3537,1.505,1.505,1.505,1.505,200,2022-06-10 16:21:00
3538,1.505,1.505,1.505,1.505,600,2022-06-10 16:22:00
3539,1.51,1.51,1.505,1.505,700,2022-06-10 16:23:00
3540,1.505,1.5087,1.5,1.505,3300,2022-06-10 16:24:00
3541,1.505,1.51,1.505,1.505,730,2022-06-10 16:25:00
3542,1.505,1.51,1.505,1.505,8674,2022-06-10 16:26:00
3543,1.505,1.51,1.5,1.505,2650,2022-06-10 16:27:00
3544,1.505,1.505,1.505,1.505,600,2022-06-10 16:28:00
3545,1.505,1.505,1.505,1.505,4400,2022-06-10 16:29:00
3546,1.51,1.51,1.5,1.505,1094,2022-06-10 16:30:00
3547,1.505,1.505,1.505,1.505,800,2022-06-10 16:31:00
3548,1.505,1.51,1.505,1.505,1445,2022-06-10 16:32:00
3549,1.505,1.505,1.505,1.505,1516,2022-06-10 16:33:00
3550,1.505,1.505,1.505,1.505,898,2022-06-10 16:34:00
3551,1.505,1.51,1.49,1.495,32193,2022-06-10 16:35:00
3552,1.5,1.5,1.495,1.495,4090,2022-06-10 16:36:00
3553,1.495,1.498,1.495,1.498,400,2022-06-10 16:37:00
3554,1.495,1.495,1.495,1.495,400,2022-06-10 16:39:00
3555,1.495,1.5,1.495,1.495,900,2022-06-10 16:41:00
3556,1.4985,1.4985,1.495,1.495,3200,2022-06-10 16:42:00
3557,1.495,1.495,1.495,1.495,700,2022-06-10 16:44:00
3558,1.495,1.495,1.495,1.495,400,2022-06-10 16:45:00
3559,1.495,1.495,1.495,1.495,600,2022-06-10 16:46:00
3560,1.495,1.4958,1.495,1.495,722,2022-06-10 16:47:00
3561,1.495,1.495,1.495,1.495,600,2022-06-10 16:48:00
3562,1.495,1.5,1.495,1.495,500,2022-06-10 16:49:00
3563,1.495,1.4953,1.495,1.495,800,2022-06-10 16:50:00
3564,1.495,1.5,1.495,1.495,1100,2022-06-10 16:51:00
3565,1.495,1.495,1.495,1.495,900,2022-06-10 16:52:00
3566,1.495,1.5,1.495,1.4999,1660,2022-06-10 16:53:00
3567,1.495,1.5,1.49,1.495,5277,2022-06-10 16:54:00
3568,1.495,1.495,1.495,1.495,1000,2022-06-10 16:55:00
3569,1.495,1.5,1.495,1.5,900,2022-06-10 16:56:00
3570,1.495,1.495,1.495,1.495,400,2022-06-10 16:57:00
3571,1.495,1.5,1.495,1.495,633,2022-06-10 16:58:00
3572,1.495,1.5,1.495,1.495,500,2022-06-10 16:59:00
3573,1.495,1.495,1.495,1.495,800,2022-06-10 17:00:00
3574,1.4999,1.5,1.495,1.495,800,2022-06-10 17:01:00
3575,1.495,1.5,1.495,1.495,1692,2022-06-10 17:02:00
3576,1.495,1.495,1.495,1.495,600,2022-06-10 17:03:00
3577,1.495,1.5,1.495,1.5,3800,2022-06-10 17:04:00
3578,1.5,1.5,1.495,1.495,1200,2022-06-10 17:05:00
3579,1.495,1.495,1.495,1.495,400,2022-06-10 17:06:00
3580,1.5,1.5,1.495,1.495,1000,2022-06-10 17:07:00
3581,1.495,1.495,1.495,1.495,600,2022-06-10 17:08:00
3582,1.4956,1.5,1.49,1.495,3050,2022-06-10 17:09:00
3583,1.5,1.5,1.495,1.495,4737,2022-06-10 17:10:00
3584,1.495,1.5,1.495,1.5,1150,2022-06-10 17:11:00
3585,1.495,1.5,1.495,1.5,3650,2022-06-10 17:12:00
3586,1.495,1.5,1.495,1.5,2000,2022-06-10 17:13:00
3587,1.5,1.5,1.495,1.5,121239,2022-06-10 17:14:00
3588,1.495,1.51,1.495,1.505,13404,2022-06-10 17:15:00
3589,1.505,1.51,1.505,1.505,814,2022-06-10 17:16:00
3590,1.505,1.51,1.505,1.505,1600,2022-06-10 17:17:00
3591,1.505,1.51,1.505,1.505,611,2022-06-10 17:18:00
3592,1.505,1.51,1.505,1.51,700,2022-06-10 17:19:00
3593,1.505,1.505,1.505,1.505,300,2022-06-10 17:20:00
3594,1.505,1.51,1.505,1.505,400,2022-06-10 17:21:00
3595,1.5099,1.51,1.505,1.505,500,2022-06-10 17:22:00
3596,1.505,1.505,1.505,1.505,300,2022-06-10 17:23:00
3597,1.505,1.51,1.505,1.51,300,2022-06-10 17:24:00
3598,1.505,1.505,1.505,1.505,300,2022-06-10 17:25:00
3599,1.5012,1.505,1.5008,1.505,7204,2022-06-10 17:26:00
3600,1.5,1.51,1.5,1.505,400,2022-06-10 17:27:00
3601,1.505,1.505,1.505,1.505,100,2022-06-10 17:28:00
3602,1.5099,1.51,1.505,1.505,10693,2022-06-10 17:29:00
3603,1.505,1.505,1.5,1.5001,9969,2022-06-10 17:30:00
3604,1.51,1.51,1.5,1.5,1580,2022-06-10 17:31:00
3605,1.505,1.505,1.5,1.505,500,2022-06-10 17:32:00
3606,1.505,1.505,1.505,1.505,1900,2022-06-10 17:33:00
3607,1.505,1.505,1.505,1.505,1000,2022-06-10 17:35:00
3608,1.505,1.505,1.505,1.505,600,2022-06-10 17:36:00
3609,1.505,1.505,1.5,1.505,1130,2022-06-10 17:38:00
3610,1.5,1.5,1.5,1.5,141,2022-06-10 17:39:00
3611,1.505,1.505,1.505,1.505,400,2022-06-10 17:41:00
3612,1.5,1.51,1.5,1.505,12966,2022-06-10 17:42:00
3613,1.5,1.505,1.5,1.505,571,2022-06-10 17:43:00
3614,1.505,1.505,1.5,1.5,17798,2022-06-10 17:44:00
3615,1.5,1.505,1.5,1.5,1631,2022-06-10 17:45:00
3616,1.505,1.505,1.5,1.5047,8344,2022-06-10 17:46:00
3617,1.5,1.5076,1.5,1.5,400,2022-06-10 17:47:00
3618,1.5099,1.5099,1.5,1.5,2100,2022-06-10 17:48:00
3619,1.505,1.505,1.5,1.5,600,2022-06-10 17:49:00
3620,1.505,1.5081,1.5,1.5081,400,2022-06-10 17:50:00
3621,1.5,1.505,1.5,1.5,1500,2022-06-10 17:51:00
3622,1.505,1.505,1.5,1.505,4400,2022-06-10 17:52:00
3623,1.505,1.505,1.5,1.5,900,2022-06-10 17:53:00
3624,1.5,1.505,1.5,1.5,1400,2022-06-10 17:54:00
3625,1.5,1.505,1.5,1.5,996,2022-06-10 17:55:00
3626,1.5,1.5081,1.5,1.505,1858,2022-06-10 17:56:00
3627,1.505,1.52,1.505,1.52,24100,2022-06-10 17:57:00
3628,1.53,1.55,1.5217,1.545,36459,2022-06-10 17:58:00
3629,1.54,1.55,1.54,1.55,700,2022-06-10 17:59:00
3630,1.545,1.548,1.545,1.548,518,2022-06-10 18:00:00
3631,1.545,1.545,1.545,1.545,200,2022-06-10 18:01:00
3632,1.545,1.545,1.54,1.545,2200,2022-06-10 18:02:00
3633,1.54,1.54,1.535,1.5385,15549,2022-06-10 18:03:00
3634,1.535,1.535,1.53,1.53,1200,2022-06-10 18:04:00
3635,1.535,1.535,1.535,1.535,600,2022-06-10 18:05:00
3636,1.53,1.5357,1.53,1.53,2077,2022-06-10 18:06:00
3637,1.53,1.535,1.53,1.535,2018,2022-06-10 18:07:00
3638,1.535,1.54,1.53,1.54,1650,2022-06-10 18:08:00
3639,1.53,1.53,1.53,1.53,998,2022-06-10 18:10:00
3640,1.535,1.535,1.53,1.53,1098,2022-06-10 18:12:00
3641,1.535,1.535,1.535,1.535,100,2022-06-10 18:13:00
3642,1.53,1.535,1.53,1.53,3798,2022-06-10 18:14:00
3643,1.535,1.535,1.535,1.535,100,2022-06-10 18:16:00
3644,1.535,1.54,1.53,1.54,1700,2022-06-10 18:17:00
3645,1.535,1.535,1.53,1.535,10799,2022-06-10 18:18:00
3646,1.535,1.5385,1.53,1.53,3238,2022-06-10 18:19:00
3647,1.53,1.53,1.53,1.53,600,2022-06-10 18:20:00
3648,1.53,1.54,1.53,1.53,2200,2022-06-10 18:21:00
3649,1.535,1.535,1.53,1.53,600,2022-06-10 18:22:00
3650,1.53,1.5328,1.53,1.53,1300,2022-06-10 18:23:00
3651,1.535,1.5365,1.53,1.535,2503,2022-06-10 18:24:00
3652,1.535,1.535,1.53,1.535,1000,2022-06-10 18:25:00
3653,1.53,1.535,1.53,1.53,1396,2022-06-10 18:26:00
3654,1.53,1.54,1.53,1.53,1396,2022-06-10 18:27:00
3655,1.535,1.535,1.53,1.535,2097,2022-06-10 18:28:00
3656,1.535,1.535,1.53,1.53,500,2022-06-10 18:29:00
3657,1.535,1.535,1.53,1.53,2200,2022-06-10 18:30:00
3658,1.5301,1.535,1.5301,1.535,2100,2022-06-10 18:31:00
3659,1.53,1.535,1.53,1.535,1100,2022-06-10 18:32:00
3660,1.535,1.535,1.53,1.53,422,2022-06-10 18:33:00
3661,1.53,1.535,1.53,1.53,16398,2022-06-10 18:34:00
3662,1.53,1.5393,1.525,1.525,20640,2022-06-10 18:35:00
3663,1.525,1.525,1.525,1.525,2600,2022-06-10 18:36:00
3664,1.52,1.525,1.52,1.52,2500,2022-06-10 18:37:00
3665,1.52,1.525,1.52,1.52,300,2022-06-10 18:38:00
3666,1.52,1.525,1.52,1.52,1598,2022-06-10 18:39:00
3667,1.5299,1.5299,1.52,1.52,1301,2022-06-10 18:40:00
3668,1.53,1.53,1.52,1.525,9270,2022-06-10 18:41:00
3669,1.525,1.525,1.52,1.525,1700,2022-06-10 18:42:00
3670,1.525,1.525,1.52,1.52,3598,2022-06-10 18:43:00
3671,1.52,1.5299,1.52,1.52,4996,2022-06-10 18:44:00
3672,1.52,1.525,1.52,1.52,800,2022-06-10 18:45:00
3673,1.525,1.525,1.52,1.52,1296,2022-06-10 18:46:00
3674,1.524,1.525,1.52,1.525,1522,2022-06-10 18:47:00
3675,1.52,1.52,1.52,1.52,1100,2022-06-10 18:48:00
3676,1.525,1.53,1.525,1.53,45280,2022-06-10 18:49:00
3677,1.53,1.53,1.525,1.525,4100,2022-06-10 18:50:00
3678,1.525,1.53,1.52,1.525,1027,2022-06-10 18:51:00
3679,1.525,1.5264,1.525,1.525,1100,2022-06-10 18:52:00
3680,1.525,1.525,1.525,1.525,500,2022-06-10 18:53:00
3681,1.525,1.525,1.525,1.525,1516,2022-06-10 18:54:00
3682,1.525,1.525,1.525,1.525,600,2022-06-10 18:55:00
3683,1.525,1.55,1.52,1.53,164703,2022-06-10 18:56:00
3684,1.53,1.53,1.52,1.525,7844,2022-06-10 18:57:00
3685,1.525,1.535,1.525,1.535,14306,2022-06-10 18:58:00
3686,1.54,1.54,1.535,1.535,3256,2022-06-10 18:59:00
3687,1.535,1.54,1.535,1.54,1677,2022-06-10 19:00:00
3688,1.535,1.545,1.535,1.545,7207,2022-06-10 19:01:00
3689,1.545,1.545,1.545,1.545,600,2022-06-10 19:02:00
3690,1.54,1.54,1.53,1.53,17923,2022-06-10 19:03:00
3691,1.535,1.535,1.535,1.535,500,2022-06-10 19:04:00
3692,1.535,1.535,1.535,1.535,100,2022-06-10 19:05:00
3693,1.535,1.535,1.53,1.53,576,2022-06-10 19:06:00
3694,1.53,1.535,1.53,1.535,1600,2022-06-10 19:07:00
3695,1.531,1.531,1.53,1.53,600,2022-06-10 19:08:00
3696,1.53,1.53,1.53,1.53,1700,2022-06-10 19:09:00
3697,1.53,1.535,1.53,1.535,500,2022-06-10 19:10:00
3698,1.53,1.535,1.53,1.53,1900,2022-06-10 19:11:00
3699,1.531,1.535,1.53,1.53,500,2022-06-10 19:12:00
3700,1.53,1.531,1.53,1.531,1200,2022-06-10 19:13:00
3701,1.53,1.53,1.53,1.53,300,2022-06-10 19:14:00
3702,1.535,1.535,1.535,1.535,2600,2022-06-10 19:15:00
3703,1.535,1.538,1.53,1.53,2711,2022-06-10 19:16:00
3704,1.53,1.53,1.53,1.53,1700,2022-06-10 19:17:00
3705,1.53,1.535,1.53,1.53,1700,2022-06-10 19:18:00
3706,1.53,1.53,1.53,1.53,1200,2022-06-10 19:19:00
3707,1.53,1.53,1.53,1.53,887,2022-06-10 19:20:00
3708,1.53,1.53,1.53,1.53,2075,2022-06-10 19:21:00
3709,1.53,1.53,1.53,1.53,1125,2022-06-10 19:22:00
3710,1.53,1.535,1.53,1.53,13000,2022-06-10 19:23:00
3711,1.532,1.532,1.53,1.53,1115,2022-06-10 19:24:00
3712,1.535,1.535,1.53,1.53,900,2022-06-10 19:25:00
3713,1.53,1.54,1.53,1.53,12206,2022-06-10 19:26:00
3714,1.535,1.538,1.53,1.535,5675,2022-06-10 19:27:00
3715,1.535,1.54,1.53,1.535,17003,2022-06-10 19:28:00
3716,1.53,1.535,1.53,1.535,4339,2022-06-10 19:29:00
3717,1.535,1.535,1.53,1.535,3410,2022-06-10 19:30:00
3718,1.53,1.535,1.53,1.53,1692,2022-06-10 19:31:00
3719,1.53,1.535,1.53,1.53,1600,2022-06-10 19:32:00
3720,1.53,1.54,1.53,1.54,3000,2022-06-10 19:33:00
3721,1.53,1.53,1.53,1.53,2627,2022-06-10 19:34:00
3722,1.53,1.53,1.53,1.53,5614,2022-06-10 19:35:00
3723,1.53,1.54,1.53,1.53,2579,2022-06-10 19:36:00
3724,1.53,1.535,1.53,1.535,2890,2022-06-10 19:37:00
3725,1.53,1.535,1.53,1.535,2300,2022-06-10 19:38:00
3726,1.535,1.54,1.53,1.535,4344,2022-06-10 19:39:00
3727,1.535,1.535,1.53,1.535,7690,2022-06-10 19:40:00
3728,1.53,1.5385,1.53,1.535,2300,2022-06-10 19:41:00
3729,1.53,1.535,1.53,1.53,1900,2022-06-10 19:42:00
3730,1.53,1.538,1.53,1.538,2200,2022-06-10 19:43:00
3731,1.53,1.535,1.53,1.53,2403,2022-06-10 19:44:00
3732,1.53,1.535,1.53,1.53,2297,2022-06-10 19:45:00
3733,1.53,1.535,1.53,1.53,10483,2022-06-10 19:46:00
3734,1.535,1.54,1.53,1.53,5350,2022-06-10 19:47:00
3735,1.53,1.535,1.53,1.53,5158,2022-06-10 19:48:00
3736,1.53,1.535,1.53,1.53,10100,2022-06-10 19:49:00
3737,1.53,1.54,1.53,1.53,9417,2022-06-10 19:50:00
3738,1.535,1.54,1.53,1.535,3600,2022-06-10 19:51:00
3739,1.53,1.54,1.53,1.53,5910,2022-06-10 19:52:00
3740,1.53,1.54,1.53,1.535,4478,2022-06-10 19:53:00
3741,1.53,1.54,1.53,1.535,4922,2022-06-10 19:54:00
3742,1.53,1.54,1.53,1.535,11168,2022-06-10 19:55:00
3743,1.53,1.535,1.53,1.535,10063,2022-06-10 19:56:00
3744,1.531,1.54,1.53,1.535,26741,2022-06-10 19:57:00
3745,1.53,1.535,1.53,1.535,28449,2022-06-10 19:58:00
3746,1.53,1.53,1.52,1.5201,63078,2022-06-10 19:59:00
3747,1.52,1.52,1.52,1.52,42008,2022-06-10 20:00:00
