,open,high,low,close,volume,datetime
0,1.09,1.09,1.07,1.07,286,2022-05-27 13:30:00
1,1.11,1.11,1.07,1.07,300,2022-05-27 13:31:00
2,1.07,1.07,1.07,1.07,200,2022-05-27 13:33:00
3,1.0701,1.0701,1.0701,1.0701,1210,2022-05-27 13:34:00
4,1.08,1.08,1.08,1.08,200,2022-05-27 13:35:00
5,1.08,1.08,1.08,1.08,500,2022-05-27 13:38:00
6,1.08,1.08,1.08,1.08,200,2022-05-27 13:40:00
7,1.1,1.1,1.1,1.1,200,2022-05-27 13:42:00
8,1.1,1.1,1.1,1.1,200,2022-05-27 13:45:00
9,1.1,1.1,1.1,1.1,200,2022-05-27 13:47:00
10,1.125,1.125,1.125,1.125,100,2022-05-27 13:48:00
11,1.1,1.1,1.1,1.1,200,2022-05-27 13:50:00
12,1.1,1.1,1.1,1.1,300,2022-05-27 13:53:00
13,1.1,1.1,1.1,1.1,400,2022-05-27 13:56:00
14,1.1,1.1,1.1,1.1,200,2022-05-27 13:59:00
15,1.1,1.1,1.1,1.1,200,2022-05-27 14:01:00
16,1.1,1.1,1.1,1.1,200,2022-05-27 14:04:00
17,1.09,1.09,1.09,1.09,200,2022-05-27 14:07:00
18,1.09,1.09,1.09,1.09,200,2022-05-27 14:08:00
19,1.09,1.09,1.09,1.09,200,2022-05-27 14:11:00
20,1.09,1.09,1.07,1.07,1035,2022-05-27 14:14:00
21,1.07,1.07,1.07,1.07,200,2022-05-27 14:17:00
22,1.07,1.07,1.07,1.07,200,2022-05-27 14:21:00
23,1.07,1.07,1.07,1.07,200,2022-05-27 14:24:00
24,1.0958,1.0958,1.09,1.09,400,2022-05-27 14:26:00
25,1.07,1.07,1.07,1.07,179,2022-05-27 14:28:00
26,1.08,1.08,1.08,1.08,200,2022-05-27 14:31:00
27,1.08,1.08,1.08,1.08,200,2022-05-27 14:35:00
28,1.08,1.08,1.08,1.08,193,2022-05-27 14:39:00
29,1.08,1.08,1.08,1.08,100,2022-05-27 14:42:00
30,1.085,1.085,1.07,1.07,998,2022-05-27 14:46:00
31,1.07,1.07,1.07,1.07,1002,2022-05-27 14:50:00
32,1.0885,1.0885,1.0885,1.0885,500,2022-05-27 14:51:00
33,1.07,1.07,1.07,1.07,100,2022-05-27 14:54:00
34,1.08,1.08,1.08,1.08,200,2022-05-27 14:58:00
35,1.08,1.08,1.08,1.08,9149,2022-05-27 14:59:00
36,1.08,1.08,1.08,1.08,100,2022-05-27 15:02:00
37,1.08,1.09,1.08,1.08,300,2022-05-27 15:04:00
38,1.08,1.08,1.08,1.08,200,2022-05-27 15:08:00
39,1.06,1.06,1.06,1.06,200,2022-05-27 15:13:00
40,1.06,1.06,1.06,1.06,100,2022-05-27 15:16:00
41,1.06,1.06,1.06,1.06,200,2022-05-27 15:17:00
42,1.075,1.075,1.075,1.075,100,2022-05-27 15:19:00
43,1.06,1.06,1.06,1.06,200,2022-05-27 15:22:00
44,1.07,1.07,1.07,1.07,300,2022-05-27 15:26:00
45,1.07,1.07,1.07,1.07,100,2022-05-27 15:31:00
46,1.07,1.07,1.07,1.07,200,2022-05-27 15:35:00
47,1.09,1.09,1.07,1.07,3200,2022-05-27 15:36:00
48,1.07,1.07,1.07,1.07,169,2022-05-27 15:37:00
49,1.07,1.08,1.07,1.08,300,2022-05-27 15:40:00
50,1.09,1.09,1.09,1.09,207,2022-05-27 15:41:00
51,1.0873,1.0899,1.08,1.0873,1634,2022-05-27 15:44:00
52,1.08,1.0873,1.08,1.0873,300,2022-05-27 15:45:00
53,1.09,1.09,1.09,1.09,200,2022-05-27 15:47:00
54,1.0899,1.0899,1.08,1.0899,1400,2022-05-27 15:49:00
55,1.09,1.09,1.09,1.09,300,2022-05-27 15:50:00
56,1.08,1.08,1.08,1.08,1300,2022-05-27 15:54:00
57,1.08,1.08,1.08,1.08,1800,2022-05-27 15:55:00
58,1.08,1.08,1.08,1.08,100,2022-05-27 15:56:00
59,1.08,1.08,1.08,1.08,200,2022-05-27 16:00:00
60,1.08,1.08,1.08,1.08,100,2022-05-27 16:06:00
61,1.08,1.08,1.08,1.08,200,2022-05-27 16:11:00
62,1.07,1.07,1.07,1.07,200,2022-05-27 16:16:00
63,1.07,1.07,1.07,1.07,200,2022-05-27 16:22:00
64,1.07,1.07,1.07,1.07,200,2022-05-27 16:27:00
65,1.07,1.07,1.07,1.07,300,2022-05-27 16:33:00
66,1.08,1.08,1.08,1.08,100,2022-05-27 16:34:00
67,1.07,1.07,1.07,1.07,200,2022-05-27 16:38:00
68,1.07,1.07,1.07,1.07,200,2022-05-27 16:44:00
69,1.08,1.08,1.08,1.08,200,2022-05-27 16:50:00
70,1.08,1.08,1.08,1.08,13300,2022-05-27 16:56:00
71,1.09,1.09,1.09,1.09,400,2022-05-27 17:02:00
72,1.08,1.08,1.08,1.08,300,2022-05-27 17:07:00
73,1.09,1.09,1.09,1.09,100,2022-05-27 17:08:00
74,1.09,1.09,1.09,1.09,100,2022-05-27 17:10:00
75,1.09,1.09,1.09,1.09,100,2022-05-27 17:13:00
76,1.09,1.09,1.09,1.09,100,2022-05-27 17:16:00
77,1.09,1.09,1.09,1.09,100,2022-05-27 17:19:00
78,1.09,1.09,1.09,1.09,100,2022-05-27 17:22:00
79,1.09,1.09,1.09,1.09,100,2022-05-27 17:25:00
80,1.09,1.09,1.09,1.09,100,2022-05-27 17:28:00
81,1.095,1.1,1.09,1.095,3200,2022-05-27 17:31:00
82,1.0994,1.0994,1.0994,1.0994,101,2022-05-27 17:32:00
83,1.09,1.09,1.09,1.09,200,2022-05-27 17:33:00
84,1.1,1.1,1.09,1.09,3107,2022-05-27 17:34:00
85,1.093,1.093,1.09,1.09,200,2022-05-27 17:36:00
86,1.09,1.09,1.09,1.09,100,2022-05-27 17:39:00
87,1.09,1.09,1.09,1.09,1948,2022-05-27 17:40:00
88,1.09,1.09,1.09,1.09,2100,2022-05-27 17:41:00
89,1.095,1.095,1.09,1.09,200,2022-05-27 17:42:00
90,1.09,1.09,1.09,1.09,100,2022-05-27 17:44:00
91,1.09,1.09,1.09,1.09,200,2022-05-27 17:45:00
92,1.09,1.09,1.08,1.08,700,2022-05-27 17:46:00
93,1.09,1.09,1.09,1.09,100,2022-05-27 17:47:00
94,1.09,1.09,1.09,1.09,100,2022-05-27 17:48:00
95,1.09,1.09,1.09,1.09,100,2022-05-27 17:49:00
96,1.09,1.09,1.09,1.09,100,2022-05-27 17:50:00
97,1.09,1.09,1.09,1.09,200,2022-05-27 17:51:00
98,1.09,1.09,1.09,1.09,100,2022-05-27 17:52:00
99,1.09,1.09,1.09,1.09,100,2022-05-27 17:53:00
100,1.09,1.09,1.09,1.09,200,2022-05-27 17:54:00
101,1.09,1.09,1.09,1.09,100,2022-05-27 17:55:00
102,1.09,1.09,1.09,1.09,200,2022-05-27 17:57:00
103,1.09,1.09,1.09,1.09,100,2022-05-27 17:58:00
104,1.09,1.09,1.09,1.09,200,2022-05-27 17:59:00
105,1.08,1.08,1.08,1.08,100,2022-05-27 18:00:00
106,1.08,1.08,1.08,1.08,100,2022-05-27 18:01:00
107,1.08,1.08,1.08,1.08,7649,2022-05-27 18:02:00
108,1.08,1.08,1.08,1.08,100,2022-05-27 18:03:00
109,1.08,1.08,1.08,1.08,100,2022-05-27 18:04:00
110,1.08,1.08,1.08,1.08,500,2022-05-27 18:05:00
111,1.08,1.08,1.08,1.08,100,2022-05-27 18:06:00
112,1.08,1.08,1.08,1.08,200,2022-05-27 18:07:00
113,1.08,1.08,1.08,1.08,300,2022-05-27 18:08:00
114,1.07,1.07,1.07,1.07,200,2022-05-27 18:10:00
115,1.07,1.07,1.07,1.07,300,2022-05-27 18:12:00
116,1.07,1.07,1.07,1.07,200,2022-05-27 18:13:00
117,1.07,1.07,1.07,1.07,100,2022-05-27 18:14:00
118,1.07,1.07,1.07,1.07,200,2022-05-27 18:15:00
119,1.07,1.07,1.07,1.07,100,2022-05-27 18:16:00
120,1.07,1.07,1.07,1.07,300,2022-05-27 18:17:00
121,1.07,1.07,1.07,1.07,200,2022-05-27 18:18:00
122,1.07,1.07,1.07,1.07,100,2022-05-27 18:19:00
123,1.07,1.07,1.07,1.07,100,2022-05-27 18:20:00
124,1.07,1.085,1.07,1.07,500,2022-05-27 18:21:00
125,1.07,1.07,1.07,1.07,100,2022-05-27 18:22:00
126,1.07,1.07,1.07,1.07,200,2022-05-27 18:24:00
127,1.07,1.07,1.07,1.07,300,2022-05-27 18:25:00
128,1.07,1.07,1.07,1.07,200,2022-05-27 18:26:00
129,1.07,1.07,1.07,1.07,100,2022-05-27 18:27:00
130,1.07,1.085,1.07,1.085,500,2022-05-27 18:28:00
131,1.07,1.07,1.07,1.07,400,2022-05-27 18:29:00
132,1.07,1.07,1.07,1.07,200,2022-05-27 18:30:00
133,1.07,1.07,1.07,1.07,100,2022-05-27 18:31:00
134,1.07,1.07,1.07,1.07,200,2022-05-27 18:32:00
135,1.07,1.07,1.07,1.07,300,2022-05-27 18:33:00
136,1.07,1.07,1.07,1.07,200,2022-05-27 18:34:00
137,1.07,1.07,1.07,1.07,100,2022-05-27 18:35:00
138,1.07,1.07,1.07,1.07,100,2022-05-27 18:36:00
139,1.07,1.07,1.07,1.07,400,2022-05-27 18:37:00
140,1.07,1.07,1.07,1.07,100,2022-05-27 18:39:00
141,1.07,1.07,1.07,1.07,200,2022-05-27 18:40:00
142,1.07,1.07,1.07,1.07,300,2022-05-27 18:41:00
143,1.07,1.07,1.07,1.07,100,2022-05-27 18:42:00
144,1.07,1.07,1.07,1.07,200,2022-05-27 18:43:00
145,1.07,1.07,1.07,1.07,100,2022-05-27 18:44:00
146,1.07,1.07,1.07,1.07,400,2022-05-27 18:45:00
147,1.07,1.07,1.07,1.07,100,2022-05-27 18:46:00
148,1.07,1.07,1.07,1.07,100,2022-05-27 18:47:00
149,1.1,1.1,1.07,1.07,5800,2022-05-27 18:48:00
150,1.07,1.09,1.07,1.08,2400,2022-05-27 18:49:00
151,1.08,1.08,1.08,1.08,200,2022-05-27 18:50:00
152,1.08,1.08,1.08,1.08,200,2022-05-27 18:51:00
153,1.08,1.08,1.08,1.08,300,2022-05-27 18:52:00
154,1.08,1.08,1.08,1.08,200,2022-05-27 18:53:00
155,1.08,1.08,1.08,1.08,100,2022-05-27 18:54:00
156,1.08,1.08,1.08,1.08,200,2022-05-27 18:55:00
157,1.08,1.08,1.08,1.08,300,2022-05-27 18:56:00
158,1.08,1.09,1.08,1.09,22000,2022-05-27 18:57:00
159,1.08,1.08,1.08,1.08,500,2022-05-27 19:00:00
160,1.08,1.08,1.08,1.08,6708,2022-05-27 19:01:00
161,1.0613,1.0613,1.0613,1.0613,540,2022-05-27 19:02:00
162,1.06,1.06,1.06,1.06,600,2022-05-27 19:03:00
163,1.06,1.0799,1.06,1.06,300,2022-05-27 19:04:00
164,1.06,1.06,1.06,1.06,400,2022-05-27 19:05:00
165,1.06,1.06,1.06,1.06,500,2022-05-27 19:06:00
166,1.06,1.0799,1.06,1.06,800,2022-05-27 19:07:00
167,1.06,1.06,1.06,1.06,200,2022-05-27 19:08:00
168,1.06,1.06,1.06,1.06,400,2022-05-27 19:09:00
169,1.06,1.06,1.06,1.06,200,2022-05-27 19:11:00
170,1.06,1.07,1.06,1.06,400,2022-05-27 19:12:00
171,1.06,1.06,1.06,1.06,400,2022-05-27 19:14:00
172,1.06,1.06,1.06,1.06,200,2022-05-27 19:15:00
173,1.06,1.06,1.06,1.06,100,2022-05-27 19:16:00
174,1.06,1.06,1.06,1.06,300,2022-05-27 19:17:00
175,1.06,1.06,1.06,1.06,300,2022-05-27 19:18:00
176,1.0669,1.0669,1.06,1.06,760,2022-05-27 19:19:00
177,1.06,1.06,1.06,1.06,100,2022-05-27 19:20:00
178,1.06,1.06,1.06,1.06,200,2022-05-27 19:21:00
179,1.06,1.06,1.06,1.06,400,2022-05-27 19:22:00
180,1.06,1.06,1.06,1.06,600,2022-05-27 19:24:00
181,1.06,1.06,1.06,1.06,200,2022-05-27 19:26:00
182,1.06,1.06,1.06,1.06,500,2022-05-27 19:27:00
183,1.06,1.06,1.06,1.06,100,2022-05-27 19:28:00
184,1.06,1.06,1.06,1.06,300,2022-05-27 19:29:00
185,1.06,1.08,1.06,1.08,1300,2022-05-27 19:30:00
186,1.07,1.07,1.06,1.06,400,2022-05-27 19:31:00
187,1.06,1.06,1.06,1.06,200,2022-05-27 19:32:00
188,1.06,1.06,1.06,1.06,500,2022-05-27 19:33:00
189,1.06,1.06,1.06,1.06,191,2022-05-27 19:34:00
190,1.07,1.07,1.07,1.07,100,2022-05-27 19:35:00
191,1.06,1.06,1.06,1.06,300,2022-05-27 19:36:00
192,1.06,1.06,1.06,1.06,500,2022-05-27 19:37:00
193,1.06,1.06,1.06,1.06,200,2022-05-27 19:38:00
194,1.06,1.06,1.06,1.06,500,2022-05-27 19:39:00
195,1.06,1.06,1.06,1.06,100,2022-05-27 19:40:00
196,1.06,1.06,1.06,1.06,400,2022-05-27 19:41:00
197,1.06,1.06,1.06,1.06,300,2022-05-27 19:42:00
198,1.07,1.07,1.07,1.07,700,2022-05-27 19:43:00
199,1.075,1.075,1.07,1.07,300,2022-05-27 19:44:00
200,1.07,1.08,1.07,1.08,1014,2022-05-27 19:45:00
201,1.07,1.07,1.07,1.07,300,2022-05-27 19:47:00
202,1.07,1.07,1.07,1.07,500,2022-05-27 19:48:00
203,1.07,1.08,1.07,1.08,500,2022-05-27 19:49:00
204,1.08,1.08,1.08,1.08,700,2022-05-27 19:50:00
205,1.08,1.08,1.08,1.08,500,2022-05-27 19:51:00
206,1.08,1.08,1.08,1.08,300,2022-05-27 19:52:00
207,1.08,1.08,1.08,1.08,600,2022-05-27 19:53:00
208,1.08,1.08,1.08,1.08,2000,2022-05-27 19:54:00
209,1.08,1.08,1.06,1.06,11643,2022-05-27 19:55:00
210,1.06,1.1,1.06,1.0996,2700,2022-05-27 19:56:00
211,1.06,1.06,1.06,1.06,1300,2022-05-27 19:57:00
212,1.06,1.09,1.06,1.06,12000,2022-05-27 19:58:00
213,1.06,1.08,1.06,1.06,8049,2022-05-27 19:59:00
214,1.09,1.09,1.09,1.09,344,2022-05-27 20:00:00
215,1.07,1.075,1.07,1.075,1357,2022-05-31 13:30:00
216,1.1299,1.1299,1.1299,1.1299,100,2022-05-31 13:34:00
217,1.0895,1.0895,1.0895,1.0895,100,2022-05-31 13:43:00
218,1.1,1.1,1.065,1.09,1100,2022-05-31 13:49:00
219,1.06,1.06,1.02,1.02,1000,2022-05-31 13:50:00
220,1.0411,1.0411,1.0411,1.0411,300,2022-05-31 13:52:00
221,1.05,1.05,1.05,1.05,400,2022-05-31 13:53:00
222,1.0599,1.0599,1.02,1.03,6550,2022-05-31 13:55:00
223,1.05,1.05,1.02,1.04,911,2022-05-31 13:56:00
224,1.06,1.06,1.06,1.06,100,2022-05-31 13:57:00
225,1.0,1.01,1.0,1.0,900,2022-05-31 13:59:00
226,1.05,1.05,1.0,1.05,2200,2022-05-31 14:00:00
227,1.025,1.025,1.025,1.025,400,2022-05-31 14:01:00
228,1.03,1.05,1.02,1.05,500,2022-05-31 14:06:00
229,1.0433,1.0433,1.04,1.04,3300,2022-05-31 14:15:00
230,1.0414,1.0414,1.0414,1.0414,100,2022-05-31 14:27:00
231,1.03,1.03,1.03,1.03,1500,2022-05-31 14:31:00
232,1.0499,1.0499,1.03,1.03,1100,2022-05-31 14:33:00
233,1.0499,1.0499,1.0499,1.0499,100,2022-05-31 14:45:00
234,1.0383,1.0383,1.0383,1.0383,1000,2022-05-31 14:48:00
235,1.0486,1.0486,1.045,1.045,1000,2022-05-31 14:52:00
236,1.03,1.03,1.03,1.03,1100,2022-05-31 14:54:00
237,1.03,1.03,1.03,1.03,200,2022-05-31 14:55:00
238,1.03,1.03,1.03,1.03,100,2022-05-31 14:58:00
239,1.0401,1.0401,1.0401,1.0401,109,2022-05-31 15:03:00
240,1.05,1.05,1.0,1.02,6719,2022-05-31 15:20:00
241,1.0273,1.0273,1.0273,1.0273,100,2022-05-31 15:26:00
242,1.05,1.05,1.05,1.05,245,2022-05-31 15:38:00
243,1.035,1.035,1.035,1.035,500,2022-05-31 15:49:00
244,1.03,1.03,1.03,1.03,100,2022-05-31 15:50:00
245,1.04,1.04,1.04,1.04,340,2022-05-31 15:58:00
246,1.04,1.045,1.04,1.045,200,2022-05-31 15:59:00
247,1.04,1.04,1.02,1.02,700,2022-05-31 16:04:00
248,1.03,1.04,1.0,1.0,14377,2022-05-31 16:05:00
249,1.01,1.01,1.01,1.01,160,2022-05-31 16:08:00
250,1.01,1.01,1.01,1.01,250,2022-05-31 16:09:00
251,1.01,1.02,1.0,1.01,3450,2022-05-31 16:10:00
252,1.0,1.0,1.0,1.0,1200,2022-05-31 16:12:00
253,1.0,1.0,0.995,0.995,3535,2022-05-31 16:13:00
254,0.99,0.9905,0.9742,0.9742,3567,2022-05-31 16:17:00
255,1.0,1.0,1.0,1.0,200,2022-05-31 16:18:00
256,0.9999,0.9999,0.9999,0.9999,700,2022-05-31 16:19:00
257,0.9925,0.9925,0.9925,0.9925,100,2022-05-31 16:30:00
258,0.985,0.9925,0.9695,0.9695,7373,2022-05-31 16:34:00
259,1.0,1.0,0.98,0.98,300,2022-05-31 16:35:00
260,0.9801,0.9801,0.9801,0.9801,1129,2022-05-31 16:39:00
261,0.98,0.98,0.96,0.96,3971,2022-05-31 16:43:00
262,1.0,1.04,1.0,1.01,12053,2022-05-31 16:45:00
263,1.01,1.01,1.01,1.01,10700,2022-05-31 16:46:00
264,1.05,1.05,1.01,1.01,1300,2022-05-31 16:47:00
265,1.01,1.01,1.01,1.01,100,2022-05-31 16:51:00
266,1.01,1.01,1.01,1.01,100,2022-05-31 16:52:00
267,1.01,1.01,1.01,1.01,100,2022-05-31 16:53:00
268,1.01,1.01,1.01,1.01,100,2022-05-31 16:54:00
269,1.01,1.01,1.01,1.01,200,2022-05-31 16:55:00
270,1.01,1.01,1.01,1.01,100,2022-05-31 16:56:00
271,1.01,1.01,1.01,1.01,200,2022-05-31 16:57:00
272,1.01,1.01,1.01,1.01,100,2022-05-31 16:58:00
273,1.01,1.01,1.01,1.01,100,2022-05-31 16:59:00
274,1.01,1.01,1.01,1.01,100,2022-05-31 17:00:00
275,1.01,1.01,1.01,1.01,100,2022-05-31 17:01:00
276,0.9998,0.9998,0.9998,0.9998,100,2022-05-31 17:02:00
277,0.9998,0.9998,0.9998,0.9998,100,2022-05-31 17:03:00
278,0.9998,0.9998,0.9835,0.9835,1300,2022-05-31 17:04:00
279,1.02,1.02,0.978,0.978,12100,2022-05-31 17:05:00
280,0.978,1.02,0.978,0.978,980,2022-05-31 17:06:00
281,0.978,0.978,0.978,0.978,100,2022-05-31 17:07:00
282,0.978,0.978,0.978,0.978,100,2022-05-31 17:08:00
283,0.9781,0.9781,0.9781,0.9781,200,2022-05-31 17:09:00
284,0.99,0.99,0.99,0.99,100,2022-05-31 17:10:00
285,0.99,0.99,0.99,0.99,100,2022-05-31 17:11:00
286,0.99,0.99,0.99,0.99,100,2022-05-31 17:12:00
287,0.99,0.99,0.99,0.99,100,2022-05-31 17:13:00
288,0.99,0.99,0.99,0.99,100,2022-05-31 17:14:00
289,1.02,1.02,0.99,0.99,300,2022-05-31 17:15:00
290,0.99,0.99,0.99,0.99,100,2022-05-31 17:16:00
291,0.99,0.99,0.99,0.99,100,2022-05-31 17:17:00
292,0.9901,0.9901,0.99,0.99,200,2022-05-31 17:18:00
293,1.0,1.02,0.99,0.99,10900,2022-05-31 17:19:00
294,0.99,0.99,0.99,0.99,100,2022-05-31 17:20:00
295,0.99,0.99,0.99,0.99,100,2022-05-31 17:21:00
296,0.99,0.99,0.99,0.99,100,2022-05-31 17:22:00
297,0.99,0.99,0.99,0.99,100,2022-05-31 17:23:00
298,0.99,0.99,0.99,0.99,100,2022-05-31 17:24:00
299,0.99,0.99,0.99,0.99,200,2022-05-31 17:25:00
300,1.02,1.02,0.99,0.99,642,2022-05-31 17:26:00
301,0.99,0.99,0.99,0.99,100,2022-05-31 17:27:00
302,0.99,0.99,0.99,0.99,100,2022-05-31 17:28:00
303,0.99,0.99,0.99,0.99,100,2022-05-31 17:29:00
304,0.99,0.99,0.99,0.99,100,2022-05-31 17:30:00
305,0.99,0.99,0.99,0.99,100,2022-05-31 17:31:00
306,1.0,1.0,1.0,1.0,100,2022-05-31 17:32:00
307,1.0,1.0,1.0,1.0,100,2022-05-31 17:33:00
308,1.0,1.0,1.0,1.0,200,2022-05-31 17:34:00
309,1.0,1.0,1.0,1.0,100,2022-05-31 17:35:00
310,1.0,1.0,0.99,0.99,1500,2022-05-31 17:36:00
311,0.9951,0.9951,0.9951,0.9951,100,2022-05-31 17:37:00
312,0.9976,0.9976,0.9976,0.9976,100,2022-05-31 17:38:00
313,0.9988,0.9994,0.9988,0.9994,800,2022-05-31 17:39:00
314,0.9994,0.9994,0.9994,0.9994,1100,2022-05-31 17:40:00
315,0.9994,0.9994,0.9994,0.9994,100,2022-05-31 17:42:00
316,0.9994,1.0,0.9994,0.9997,3356,2022-05-31 17:46:00
317,1.0,1.0,1.0,1.0,564,2022-05-31 17:47:00
318,1.0,1.0,1.0,1.0,400,2022-05-31 17:53:00
319,1.015,1.015,1.015,1.015,100,2022-05-31 17:54:00
320,1.015,1.015,1.0,1.0,600,2022-05-31 17:59:00
321,1.015,1.015,1.0,1.0,933,2022-05-31 18:00:00
322,1.0,1.0,1.0,1.0,100,2022-05-31 18:01:00
323,1.0,1.0,1.0,1.0,100,2022-05-31 18:02:00
324,1.01,1.02,1.01,1.02,300,2022-05-31 18:03:00
325,1.02,1.02,1.02,1.02,100,2022-05-31 18:09:00
326,1.02,1.02,1.02,1.02,100,2022-05-31 18:12:00
327,1.01,1.01,1.01,1.01,2600,2022-05-31 18:23:00
328,1.01,1.01,1.01,1.01,1200,2022-05-31 18:27:00
329,1.01,1.01,1.01,1.01,100,2022-05-31 18:30:00
330,1.01,1.01,1.01,1.01,100,2022-05-31 18:32:00
331,1.01,1.01,1.01,1.01,200,2022-05-31 18:33:00
332,1.01,1.01,1.01,1.01,100,2022-05-31 18:34:00
333,1.03,1.03,1.01,1.01,251,2022-05-31 18:35:00
334,1.0179,1.0179,1.01,1.01,200,2022-05-31 18:36:00
335,1.01,1.01,1.01,1.01,100,2022-05-31 18:37:00
336,1.01,1.01,1.01,1.01,100,2022-05-31 18:38:00
337,1.01,1.01,1.01,1.01,100,2022-05-31 18:39:00
338,1.01,1.01,1.01,1.01,400,2022-05-31 18:40:00
339,1.01,1.01,1.01,1.01,100,2022-05-31 18:41:00
340,1.01,1.01,1.01,1.01,100,2022-05-31 18:42:00
341,1.0,1.0,1.0,1.0,100,2022-05-31 18:43:00
342,1.0,1.0,1.0,1.0,100,2022-05-31 18:44:00
343,1.0,1.0,1.0,1.0,100,2022-05-31 18:45:00
344,1.0,1.0,1.0,1.0,100,2022-05-31 18:46:00
345,1.0,1.0,1.0,1.0,100,2022-05-31 18:47:00
346,1.0,1.0,1.0,1.0,400,2022-05-31 18:48:00
347,1.0,1.0,1.0,1.0,100,2022-05-31 18:49:00
348,1.0,1.0,1.0,1.0,100,2022-05-31 18:50:00
349,1.0,1.0,1.0,1.0,100,2022-05-31 18:51:00
350,1.0,1.0,1.0,1.0,100,2022-05-31 18:52:00
351,1.0,1.0,1.0,1.0,100,2022-05-31 18:53:00
352,1.0,1.0,1.0,1.0,100,2022-05-31 18:54:00
353,1.0,1.0,1.0,1.0,100,2022-05-31 18:55:00
354,1.0,1.0,1.0,1.0,100,2022-05-31 18:56:00
355,1.0,1.0,1.0,1.0,200,2022-05-31 18:57:00
356,0.98,0.98,0.98,0.98,100,2022-05-31 18:59:00
357,0.98,0.98,0.98,0.98,100,2022-05-31 19:01:00
358,0.982,0.982,0.982,0.982,100,2022-05-31 19:03:00
359,0.982,0.982,0.982,0.982,200,2022-05-31 19:04:00
360,0.982,0.982,0.982,0.982,100,2022-05-31 19:15:00
361,0.982,0.982,0.982,0.982,100,2022-05-31 19:16:00
362,0.982,0.982,0.982,0.982,100,2022-05-31 19:17:00
363,0.982,0.982,0.982,0.982,100,2022-05-31 19:18:00
364,0.98,0.982,0.98,0.982,8400,2022-05-31 19:19:00
365,0.9961,0.9961,0.9961,0.9961,200,2022-05-31 19:20:00
366,0.9961,0.9961,0.9961,0.9961,200,2022-05-31 19:21:00
367,0.9961,0.9961,0.9961,0.9961,200,2022-05-31 19:22:00
368,0.9961,0.9961,0.995,0.995,400,2022-05-31 19:23:00
369,0.995,0.995,0.98,0.98,400,2022-05-31 19:24:00
370,0.98,0.98,0.98,0.98,200,2022-05-31 19:25:00
371,0.98,0.98,0.98,0.98,200,2022-05-31 19:26:00
372,0.98,0.98,0.98,0.98,1300,2022-05-31 19:27:00
373,0.98,0.98,0.98,0.98,300,2022-05-31 19:28:00
374,0.98,0.98,0.98,0.98,200,2022-05-31 19:29:00
375,0.98,0.98,0.98,0.98,200,2022-05-31 19:30:00
376,0.98,0.98,0.98,0.98,300,2022-05-31 19:31:00
377,0.98,0.98,0.98,0.98,300,2022-05-31 19:32:00
378,0.98,0.98,0.98,0.98,200,2022-05-31 19:33:00
379,0.98,0.98,0.98,0.98,300,2022-05-31 19:34:00
380,0.98,0.98,0.98,0.98,400,2022-05-31 19:35:00
381,0.98,0.98,0.98,0.98,200,2022-05-31 19:36:00
382,0.98,0.98,0.98,0.98,656,2022-05-31 19:37:00
383,0.98,0.98,0.98,0.98,200,2022-05-31 19:38:00
384,0.98,0.9801,0.98,0.98,1333,2022-05-31 19:39:00
385,0.98,0.98,0.98,0.98,100,2022-05-31 19:40:00
386,0.98,0.98,0.98,0.98,200,2022-05-31 19:41:00
387,0.98,0.98,0.98,0.98,300,2022-05-31 19:42:00
388,0.98,0.98,0.98,0.98,300,2022-05-31 19:43:00
389,0.98,0.98,0.98,0.98,200,2022-05-31 19:44:00
390,0.98,0.98,0.98,0.98,300,2022-05-31 19:45:00
391,0.9781,0.9781,0.9781,0.9781,3800,2022-05-31 19:46:00
392,0.978,0.978,0.978,0.978,400,2022-05-31 19:47:00
393,0.978,0.978,0.978,0.978,400,2022-05-31 19:48:00
394,0.978,0.978,0.978,0.978,500,2022-05-31 19:49:00
395,0.978,0.9781,0.978,0.9781,900,2022-05-31 19:50:00
396,0.978,0.9781,0.978,0.978,538,2022-05-31 19:52:00
397,0.978,0.978,0.978,0.978,400,2022-05-31 19:53:00
398,0.978,0.9781,0.952,0.9781,11438,2022-05-31 19:54:00
399,0.9522,0.9522,0.93,0.93,15014,2022-05-31 19:55:00
400,0.9341,0.9341,0.93,0.93,1000,2022-05-31 19:56:00
401,0.9325,0.964699,0.9325,0.9327,903,2022-05-31 19:57:00
402,0.9326,0.9637,0.9326,0.94,9404,2022-05-31 19:58:00
403,0.94,0.9679,0.9325,0.9325,14300,2022-05-31 19:59:00
404,0.959,0.959,0.959,0.959,608,2022-05-31 20:00:00
405,0.9301,0.9301,0.9301,0.9301,500,2022-05-31 20:26:00
406,0.959,0.959,0.959,0.959,200,2022-05-31 20:49:00
407,0.959,0.959,0.959,0.959,299,2022-05-31 20:57:00
408,0.99,0.99,0.99,0.99,100,2022-06-01 12:53:00
409,0.99,0.9901,0.99,0.99,11217,2022-06-01 13:30:00
410,0.99,0.99,0.99,0.99,2606,2022-06-01 13:33:00
411,0.9915,0.9925,0.9901,0.9901,6200,2022-06-01 13:34:00
412,0.9925,0.9925,0.9901,0.9901,6201,2022-06-01 13:35:00
413,0.990101,0.990101,0.990101,0.990101,3551,2022-06-01 13:38:00
414,0.9901,0.9901,0.99,0.99,600,2022-06-01 13:40:00
415,0.992,0.992399,0.992,0.992399,2100,2022-06-01 13:41:00
416,0.992299,0.992299,0.992299,0.992299,4000,2022-06-01 13:44:00
417,0.992,0.992,0.992,0.992,100,2022-06-01 13:47:00
418,0.9924,0.9924,0.9924,0.9924,500,2022-06-01 13:56:00
419,0.99425,1.01,0.99425,1.01,6000,2022-06-01 13:58:00
420,1.0299,1.0299,1.0299,1.0299,1250,2022-06-01 14:00:00
421,1.025,1.03,1.025,1.0297,1500,2022-06-01 14:01:00
422,1.055,1.06,1.04,1.05,13930,2022-06-01 14:02:00
423,1.06,1.06,1.0596,1.06,1506,2022-06-01 14:03:00
424,1.0694,1.0694,1.0694,1.0694,7000,2022-06-01 14:05:00
425,1.0633,1.07,1.06,1.067,32808,2022-06-01 14:06:00
426,1.09,1.09,1.04,1.0534,14571,2022-06-01 14:07:00
427,1.09,1.09,1.065,1.065,6537,2022-06-01 14:08:00
428,1.0401,1.1,1.0401,1.0401,1700,2022-06-01 14:09:00
429,1.1,1.1,1.1,1.1,100,2022-06-01 14:10:00
430,1.1,1.1,1.1,1.1,2000,2022-06-01 14:11:00
431,1.0428,1.0428,1.0428,1.0428,1194,2022-06-01 14:13:00
432,1.1,1.1,1.0999,1.0999,600,2022-06-01 14:14:00
433,1.1,1.1,1.07,1.07,659,2022-06-01 14:16:00
434,1.06,1.06,1.06,1.06,200,2022-06-01 14:17:00
435,1.1,1.1,1.1,1.1,200,2022-06-01 14:18:00
436,1.06,1.1,1.06,1.0996,1063,2022-06-01 14:19:00
437,1.06,1.06,1.01,1.01,800,2022-06-01 14:21:00
438,1.0101,1.0101,1.01,1.01,600,2022-06-01 14:22:00
439,1.01,1.04,1.01,1.04,300,2022-06-01 14:23:00
440,1.01,1.025,1.01,1.025,200,2022-06-01 14:25:00
441,1.01,1.01,1.01,1.01,100,2022-06-01 14:26:00
442,1.04,1.04,0.99,0.99,1000,2022-06-01 14:27:00
443,0.99,0.99,0.99,0.99,11670,2022-06-01 14:28:00
444,0.99,0.99,0.99,0.99,150,2022-06-01 14:29:00
445,1.01,1.01,1.01,1.01,5000,2022-06-01 14:31:00
446,0.99,0.99,0.99,0.99,750,2022-06-01 14:32:00
447,1.0,1.0,1.0,1.0,100,2022-06-01 14:33:00
448,0.99,0.99,0.99,0.99,5100,2022-06-01 14:34:00
449,0.99,0.99,0.99,0.99,550,2022-06-01 14:36:00
450,0.99,0.99,0.99,0.99,500,2022-06-01 14:40:00
451,1.0099,1.0099,1.0099,1.0099,500,2022-06-01 14:41:00
452,1.01,1.01,1.01,1.01,1000,2022-06-01 14:42:00
453,0.99,0.99,0.99,0.99,400,2022-06-01 14:44:00
454,1.0,1.0,1.0,1.0,400,2022-06-01 14:46:00
455,0.99,0.99,0.976,0.976,400,2022-06-01 14:48:00
456,0.976,0.976,0.976,0.976,200,2022-06-01 14:53:00
457,0.9976,0.9998,0.9976,0.9998,2000,2022-06-01 14:55:00
458,0.976,0.976,0.976,0.976,200,2022-06-01 14:56:00
459,0.976,0.976,0.97,0.97,300,2022-06-01 14:57:00
460,0.97,0.97,0.96,0.96,200,2022-06-01 15:01:00
461,0.96,0.96,0.96,0.96,235,2022-06-01 15:05:00
462,0.9601,0.98,0.9601,0.98,200,2022-06-01 15:11:00
463,0.9998,0.9998,0.9601,0.9601,1000,2022-06-01 15:14:00
464,0.9601,0.9601,0.9601,0.9601,100,2022-06-01 15:17:00
465,0.9601,0.9601,0.96,0.96,218,2022-06-01 15:20:00
466,0.96,0.979501,0.96,0.979501,1800,2022-06-01 15:24:00
467,0.96,0.96,0.96,0.96,300,2022-06-01 15:27:00
468,0.96,0.96,0.96,0.96,200,2022-06-01 15:30:00
469,0.96,0.96,0.96,0.96,100,2022-06-01 15:33:00
470,0.96,0.96,0.96,0.96,100,2022-06-01 15:35:00
471,0.96,0.96,0.96,0.96,100,2022-06-01 15:36:00
472,0.96,0.96,0.96,0.96,100,2022-06-01 15:38:00
473,0.96,0.96,0.96,0.96,200,2022-06-01 15:40:00
474,0.96,0.9601,0.96,0.96,5463,2022-06-01 15:41:00
475,0.96,0.96,0.96,0.96,100,2022-06-01 15:42:00
476,0.96,0.96,0.96,0.96,100,2022-06-01 15:43:00
477,0.96,0.96,0.96,0.96,100,2022-06-01 15:45:00
478,0.96,0.96,0.96,0.96,100,2022-06-01 15:47:00
479,0.96,0.96,0.96,0.96,100,2022-06-01 15:49:00
480,0.96,0.96,0.96,0.96,300,2022-06-01 15:55:00
481,0.96,0.96,0.96,0.96,100,2022-06-01 15:57:00
482,0.96,0.96,0.96,0.96,100,2022-06-01 16:02:00
483,0.96,0.96,0.96,0.96,300,2022-06-01 16:03:00
484,0.96,0.96,0.96,0.96,100,2022-06-01 16:05:00
485,0.96,0.96,0.96,0.96,100,2022-06-01 16:07:00
486,0.96,0.96,0.96,0.96,100,2022-06-01 16:09:00
487,0.96,0.96,0.96,0.96,100,2022-06-01 16:11:00
488,0.96,0.96,0.96,0.96,100,2022-06-01 16:12:00
489,0.989899,0.989899,0.989899,0.989899,1000,2022-06-01 16:13:00
490,0.96,0.96,0.96,0.96,100,2022-06-01 16:14:00
491,0.96,0.96,0.96,0.96,100,2022-06-01 16:16:00
492,0.96,0.96,0.96,0.96,100,2022-06-01 16:17:00
493,0.96,0.96,0.96,0.96,300,2022-06-01 16:23:00
494,0.96,0.96,0.96,0.96,100,2022-06-01 16:24:00
495,0.96,0.96,0.96,0.96,100,2022-06-01 16:26:00
496,0.9601,0.9601,0.9601,0.9601,100,2022-06-01 16:28:00
497,0.9601,0.9601,0.9601,0.9601,200,2022-06-01 16:30:00
498,0.9601,0.9601,0.9601,0.9601,100,2022-06-01 16:31:00
499,0.9601,0.9601,0.9601,0.9601,100,2022-06-01 16:32:00
500,0.9601,0.9601,0.9601,0.9601,100,2022-06-01 16:35:00
501,0.9601,0.9601,0.9601,0.9601,100,2022-06-01 16:37:00
502,0.9601,0.9601,0.9601,0.9601,100,2022-06-01 16:39:00
503,0.9601,0.9601,0.9601,0.9601,100,2022-06-01 16:41:00
504,0.9601,0.9601,0.9601,0.9601,100,2022-06-01 16:46:00
505,0.960101,0.960101,0.960101,0.960101,274,2022-06-01 16:48:00
506,0.9601,0.9601,0.9601,0.9601,200,2022-06-01 16:51:00
507,0.9601,0.9899,0.9601,0.9899,509,2022-06-01 16:53:00
508,0.9601,0.9601,0.9601,0.9601,100,2022-06-01 16:55:00
509,0.9601,0.9601,0.9601,0.9601,100,2022-06-01 16:56:00
510,0.9601,0.9601,0.9601,0.9601,300,2022-06-01 16:57:00
511,0.9601,0.9601,0.9601,0.9601,200,2022-06-01 16:58:00
512,0.9601,0.9601,0.9601,0.9601,500,2022-06-01 16:59:00
513,0.9601,0.9601,0.9601,0.9601,200,2022-06-01 17:00:00
514,0.9601,0.9601,0.9601,0.9601,100,2022-06-01 17:02:00
515,0.9601,0.9601,0.9601,0.9601,100,2022-06-01 17:03:00
516,0.9601,0.9601,0.9601,0.9601,100,2022-06-01 17:06:00
517,0.9601,0.9601,0.9601,0.9601,100,2022-06-01 17:07:00
518,0.9601,0.9601,0.9601,0.9601,100,2022-06-01 17:09:00
519,0.9601,0.9601,0.9601,0.9601,100,2022-06-01 17:11:00
520,0.9601,0.9601,0.9601,0.9601,100,2022-06-01 17:13:00
521,0.9734,0.9734,0.9734,0.9734,1000,2022-06-01 17:14:00
522,0.97505,0.97505,0.97505,0.97505,100,2022-06-01 17:15:00
523,0.9601,0.9601,0.9601,0.9601,100,2022-06-01 17:17:00
524,0.9602,0.9602,0.9602,0.9602,110,2022-06-01 17:18:00
525,0.9602,0.97505,0.9601,0.9601,2200,2022-06-01 17:19:00
526,0.9601,0.9601,0.9601,0.9601,100,2022-06-01 17:21:00
527,0.9601,0.9601,0.9601,0.9601,100,2022-06-01 17:23:00
528,0.97,0.97,0.97,0.97,100,2022-06-01 17:25:00
529,0.97,0.97,0.97,0.97,100,2022-06-01 17:26:00
530,0.97,0.97,0.97,0.97,100,2022-06-01 17:28:00
531,0.98,0.98,0.98,0.98,600,2022-06-01 17:31:00
532,0.96,0.96,0.96,0.96,282,2022-06-01 17:33:00
533,0.99,0.99,0.96,0.96,10270,2022-06-01 17:37:00
534,0.96,0.9601,0.9311,0.9311,19809,2022-06-01 17:38:00
535,0.96,0.965,0.9562,0.965,400,2022-06-01 17:43:00
536,0.965,0.965,0.9311,0.9312,1382,2022-06-01 17:44:00
537,0.96025,0.989,0.96025,0.9833,9998,2022-06-01 17:47:00
538,0.9343,0.9343,0.9343,0.9343,100,2022-06-01 17:54:00
539,0.9343,0.9343,0.9343,0.9343,100,2022-06-01 17:57:00
540,0.961399,0.961399,0.961399,0.961399,100,2022-06-01 17:59:00
541,0.9343,0.9343,0.9343,0.9343,200,2022-06-01 18:00:00
542,0.9344,0.9344,0.9343,0.9343,200,2022-06-01 18:03:00
543,0.9344,0.9344,0.9344,0.9344,100,2022-06-01 18:07:00
544,0.9343,0.9343,0.9343,0.9343,200,2022-06-01 18:10:00
545,0.9343,0.9343,0.9343,0.9343,100,2022-06-01 18:13:00
546,0.9343,0.9343,0.9343,0.9343,100,2022-06-01 18:16:00
547,0.9343,0.9343,0.9343,0.9343,100,2022-06-01 18:19:00
548,0.9614,0.9614,0.9614,0.9614,100,2022-06-01 18:21:00
549,0.9343,0.9343,0.9343,0.9343,200,2022-06-01 18:22:00
550,0.935,0.935,0.935,0.935,100,2022-06-01 18:26:00
551,0.935,0.935,0.935,0.935,100,2022-06-01 18:29:00
552,0.935,0.935,0.935,0.935,100,2022-06-01 18:33:00
553,0.935,0.964251,0.935,0.964251,200,2022-06-01 18:36:00
554,0.94,0.94,0.94,0.94,100,2022-06-01 18:39:00
555,0.94,0.94,0.94,0.94,100,2022-06-01 18:42:00
556,0.94,0.94,0.94,0.94,100,2022-06-01 18:45:00
557,0.94,0.94,0.94,0.94,200,2022-06-01 18:48:00
558,0.94,0.94,0.94,0.94,200,2022-06-01 18:52:00
559,0.94,0.94,0.94,0.94,300,2022-06-01 18:55:00
560,0.94,0.94,0.94,0.94,200,2022-06-01 18:58:00
561,0.94,0.94,0.94,0.94,300,2022-06-01 19:01:00
562,0.94,0.94,0.94,0.94,700,2022-06-01 19:04:00
563,0.94,0.94,0.94,0.94,482,2022-06-01 19:07:00
564,0.9494,0.9494,0.9494,0.9494,400,2022-06-01 19:09:00
565,0.949399,0.949399,0.949399,0.949399,250,2022-06-01 19:23:00
566,0.9588,0.9588,0.9588,0.9588,150,2022-06-01 19:30:00
567,0.94,0.94,0.9343,0.9343,1351,2022-06-01 19:38:00
568,0.9343,0.9343,0.9343,0.9343,100,2022-06-01 19:39:00
569,0.958699,0.958699,0.9311,0.9311,1300,2022-06-01 19:40:00
570,0.944651,0.944651,0.944651,0.944651,370,2022-06-01 19:44:00
571,0.9311,0.9311,0.9311,0.9311,1300,2022-06-01 19:48:00
572,0.9311,0.9315,0.9311,0.9311,1358,2022-06-01 19:54:00
573,0.9311,0.9311,0.9311,0.9311,2443,2022-06-01 19:56:00
574,0.9312,0.9312,0.9311,0.9311,1278,2022-06-01 19:57:00
575,0.9311,0.9311,0.9311,0.9311,349,2022-06-01 19:58:00
576,0.9312,0.94495,0.9312,0.9312,2505,2022-06-01 19:59:00
577,0.9444,0.9444,0.9444,0.9444,155,2022-06-01 20:00:00
578,0.9311,0.9311,0.9311,0.9311,106,2022-06-01 22:23:00
579,0.9311,0.9311,0.9311,0.9311,161,2022-06-01 23:11:00
580,0.9557,0.9557,0.9557,0.9557,464,2022-06-01 23:41:00
581,0.9557,0.9557,0.9557,0.9557,300,2022-06-02 11:58:00
582,0.9557,0.9557,0.9557,0.9557,138,2022-06-02 12:22:00
583,0.99,0.99,0.99,0.99,1056,2022-06-02 12:48:00
584,1.0,1.0,1.0,1.0,2700,2022-06-02 13:30:00
585,0.970001,0.970001,0.970001,0.970001,455,2022-06-02 13:32:00
586,0.97,0.9701,0.97,0.9701,800,2022-06-02 13:38:00
587,0.9701,0.9701,0.9701,0.9701,1100,2022-06-02 13:39:00
588,0.9701,0.9701,0.9701,0.9701,1108,2022-06-02 13:40:00
589,0.9701,0.9701,0.9701,0.9701,100,2022-06-02 13:41:00
590,0.9701,0.9701,0.97,0.97,1708,2022-06-02 13:45:00
591,0.975,0.98,0.97,0.975,11499,2022-06-02 13:46:00
592,0.975,0.975,0.97,0.97,600,2022-06-02 13:49:00
593,0.9751,0.9751,0.9751,0.9751,200,2022-06-02 13:51:00
594,0.9759,0.98,0.9701,0.9701,7499,2022-06-02 13:52:00
595,0.9701,0.9701,0.9701,0.9701,400,2022-06-02 13:53:00
596,0.98,0.98,0.98,0.98,2182,2022-06-02 13:56:00
597,0.999899,0.999899,0.999899,0.999899,200,2022-06-02 13:59:00
598,0.989951,0.989951,0.989951,0.989951,400,2022-06-02 14:05:00
599,0.980001,0.980001,0.980001,0.980001,220,2022-06-02 14:13:00
600,0.981668,0.981668,0.981668,0.981668,200,2022-06-02 14:16:00
601,0.98,0.98,0.98,0.98,8918,2022-06-02 14:27:00
602,0.9998,0.9998,0.9998,0.9998,1000,2022-06-02 14:49:00
603,0.981,0.981,0.981,0.981,101,2022-06-02 14:53:00
604,0.9841,0.9841,0.9841,0.9841,600,2022-06-02 15:06:00
605,0.9861,0.9866,0.9801,0.9801,2881,2022-06-02 15:13:00
606,0.9801,0.9836,0.98,0.98,1435,2022-06-02 15:15:00
607,0.987,0.987,0.987,0.987,100,2022-06-02 15:18:00
608,0.9801,0.987,0.9801,0.9801,1713,2022-06-02 15:38:00
609,0.987,0.987,0.984,0.984,5500,2022-06-02 15:45:00
610,0.988,0.988,0.9821,0.9821,5521,2022-06-02 16:11:00
611,0.98505,0.98505,0.98505,0.98505,100,2022-06-02 16:16:00
612,0.9878,0.9878,0.9878,0.9878,131,2022-06-02 16:28:00
613,0.982101,0.9851,0.9821,0.9821,2200,2022-06-02 16:33:00
614,0.98505,0.98505,0.98505,0.98505,100,2022-06-02 16:49:00
615,0.988,0.988,0.988,0.988,463,2022-06-02 16:54:00
616,0.989,0.989,0.989,0.989,400,2022-06-02 16:57:00
617,0.99,0.99,0.99,0.99,1100,2022-06-02 16:59:00
618,0.9999,0.9999,0.9945,0.9945,5582,2022-06-02 17:22:00
619,1.0,1.0087,0.9974,0.9974,9291,2022-06-02 17:23:00
620,1.02,1.02,1.02,1.02,1000,2022-06-02 17:24:00
621,1.025,1.04,1.025,1.04,5400,2022-06-02 17:25:00
622,1.0322,1.04,1.03,1.04,5600,2022-06-02 17:26:00
623,1.04,1.0499,1.03,1.0499,3733,2022-06-02 17:27:00
624,1.045,1.045,1.04,1.045,5293,2022-06-02 17:28:00
625,1.04,1.0465,1.03,1.031,8844,2022-06-02 17:29:00
626,1.0358,1.04,1.03,1.0316,1494,2022-06-02 17:30:00
627,1.0451,1.0491,1.04,1.04,3071,2022-06-02 17:31:00
628,1.0499,1.0499,1.02,1.02,22222,2022-06-02 17:32:00
629,1.0246,1.035,1.02,1.035,18175,2022-06-02 17:33:00
630,1.041,1.041,1.01,1.0172,26573,2022-06-02 17:34:00
631,1.01,1.0104,1.0004,1.0004,18529,2022-06-02 17:35:00
632,1.0,1.0,0.9842,0.9842,1500,2022-06-02 17:36:00
633,1.03,1.03,1.03,1.03,100,2022-06-02 17:49:00
634,1.03,1.03,1.03,1.03,100,2022-06-02 18:01:00
635,1.03,1.03,1.03,1.03,2420,2022-06-02 18:21:00
636,0.9971,0.9971,0.9971,0.9971,600,2022-06-02 18:35:00
637,0.98,0.98,0.98,0.98,300,2022-06-02 18:45:00
638,0.995,0.995,0.995,0.995,100,2022-06-02 19:05:00
639,0.995,0.995,0.995,0.995,100,2022-06-02 19:19:00
640,0.98,0.98,0.98,0.98,1600,2022-06-02 19:33:00
641,0.98,0.98,0.98,0.98,100,2022-06-02 19:34:00
642,0.98,0.98,0.98,0.98,200,2022-06-02 19:35:00
643,0.98,0.98,0.98,0.98,200,2022-06-02 19:36:00
644,0.98,0.98,0.98,0.98,200,2022-06-02 19:37:00
645,0.98,0.98,0.98,0.98,200,2022-06-02 19:38:00
646,0.98,0.98,0.98,0.98,200,2022-06-02 19:39:00
647,0.98,0.98,0.98,0.98,200,2022-06-02 19:40:00
648,0.98,0.98,0.98,0.98,200,2022-06-02 19:41:00
649,0.98,0.98,0.98,0.98,200,2022-06-02 19:42:00
650,0.98,0.98,0.98,0.98,200,2022-06-02 19:43:00
651,0.98,0.98,0.98,0.98,200,2022-06-02 19:44:00
652,0.98,0.98,0.97,0.97,500,2022-06-02 19:45:00
653,0.97,0.97,0.9663,0.9663,500,2022-06-02 19:46:00
654,0.974,0.974,0.964,0.964,400,2022-06-02 19:47:00
655,0.96,0.96,0.96,0.96,189,2022-06-02 19:48:00
656,0.97,0.97,0.96,0.96,400,2022-06-02 19:49:00
657,0.96,0.96,0.96,0.96,200,2022-06-02 19:50:00
658,0.96,0.96,0.96,0.96,500,2022-06-02 19:51:00
659,0.96,0.96,0.96,0.96,400,2022-06-02 19:52:00
660,0.96,0.96,0.96,0.96,400,2022-06-02 19:53:00
661,0.96,0.96,0.96,0.96,390,2022-06-02 19:54:00
662,0.96,0.96,0.96,0.96,700,2022-06-02 19:55:00
663,0.96,0.96,0.96,0.96,700,2022-06-02 19:56:00
664,0.96,0.96,0.96,0.96,900,2022-06-02 19:57:00
665,0.97,0.985,0.96,0.985,1700,2022-06-02 19:58:00
666,0.97,0.9975,0.9527,0.953,6871,2022-06-02 19:59:00
667,0.9724,0.9724,0.9724,0.9724,483,2022-06-02 20:00:00
668,0.9501,0.9501,0.93,0.93,595,2022-06-03 12:49:00
669,1.0,1.0,1.0,1.0,228,2022-06-03 13:30:00
670,1.0,1.0,1.0,1.0,1200,2022-06-03 13:31:00
671,1.0,1.0,1.0,1.0,1641,2022-06-03 13:32:00
672,0.9636,0.9636,0.9636,0.9636,110,2022-06-03 13:41:00
673,0.9602,1.01,0.9602,0.9602,700,2022-06-03 13:47:00
674,0.9903,0.9903,0.9903,0.9903,1000,2022-06-03 14:19:00
675,1.02,1.02,1.02,1.02,100,2022-06-03 14:46:00
676,0.9606,0.9606,0.9606,0.9606,100,2022-06-03 15:27:00
677,0.9606,0.9606,0.9606,0.9606,100,2022-06-03 15:28:00
678,0.9607,0.9607,0.9607,0.9607,2106,2022-06-03 15:51:00
679,0.97,0.97,0.97,0.97,5450,2022-06-03 16:24:00
680,0.9702,0.9702,0.9702,0.9702,10000,2022-06-03 16:51:00
681,0.9702,0.9702,0.9702,0.9702,300,2022-06-03 16:52:00
682,0.9702,0.9702,0.9702,0.9702,1000,2022-06-03 17:08:00
683,0.9702,0.9702,0.9702,0.9702,300,2022-06-03 17:11:00
684,1.0,1.0,1.0,1.0,10000,2022-06-03 17:56:00
685,1.0295,1.0295,0.9842,0.9842,1168,2022-06-03 17:57:00
686,0.98,0.98,0.98,0.98,5430,2022-06-03 18:03:00
687,0.98,0.98,0.98,0.98,3468,2022-06-03 18:08:00
688,1.01,1.0299,1.0,1.0,15200,2022-06-03 18:20:00
689,1.02,1.02,1.01,1.02,22047,2022-06-03 18:21:00
690,1.0,1.02,1.0,1.02,5793,2022-06-03 18:23:00
691,1.02,1.02,1.02,1.02,100,2022-06-03 18:31:00
692,1.02,1.03,1.02,1.03,300,2022-06-03 18:32:00
693,1.03,1.03,1.03,1.03,200,2022-06-03 18:35:00
694,1.04,1.04,1.03,1.03,1800,2022-06-03 18:36:00
695,1.035,1.037,1.03,1.03,1300,2022-06-03 18:37:00
696,1.035,1.035,1.01,1.02,30786,2022-06-03 18:38:00
697,1.02,1.02,1.02,1.02,100,2022-06-03 18:39:00
698,1.03,1.03,1.01,1.02,24725,2022-06-03 18:40:00
699,1.02,1.02427,0.9662,0.9755,24548,2022-06-03 18:41:00
700,0.9755,0.9755,0.9755,0.9755,100,2022-06-03 18:44:00
701,1.02,1.02,1.02,1.02,100,2022-06-03 18:48:00
702,1.02,1.038,0.9695,0.9763,23480,2022-06-03 18:49:00
703,0.9724,0.9724,0.9724,0.9724,8910,2022-06-03 18:51:00
704,0.9962,0.9962,0.9962,0.9962,200,2022-06-03 18:58:00
705,0.9962,0.9962,0.9962,0.9962,100,2022-06-03 19:14:00
706,0.9901,0.9901,0.9901,0.9901,125,2022-06-03 19:24:00
707,1.005,1.005,1.005,1.005,100,2022-06-03 19:29:00
708,1.005,1.005,1.005,1.005,100,2022-06-03 19:39:00
709,1.005,1.005,1.005,1.005,100,2022-06-03 19:45:00
710,1.005,1.005,1.005,1.005,100,2022-06-03 19:50:00
711,1.005,1.005,1.005,1.005,100,2022-06-03 19:55:00
712,0.9901,0.9901,0.9668,0.9668,9945,2022-06-03 19:57:00
713,1.0075,1.0075,1.0075,1.0075,500,2022-06-03 19:59:00
714,0.9773,1.005,0.94,0.94,3790,2022-06-06 13:30:00
715,0.94,0.94,0.94,0.94,600,2022-06-06 13:32:00
716,0.94,0.94,0.94,0.94,300,2022-06-06 13:34:00
717,0.93,0.95,0.91,0.91,3411,2022-06-06 13:35:00
718,0.9555,0.9555,0.91,0.91,1255,2022-06-06 13:37:00
719,0.9699,0.9699,0.9373,0.9373,400,2022-06-06 13:42:00
720,0.92,0.92,0.92,0.92,1590,2022-06-06 13:43:00
721,0.9555,0.9555,0.9555,0.9555,300,2022-06-06 13:44:00
722,0.925,0.925,0.92,0.92,630,2022-06-06 13:51:00
723,0.92,0.92,0.92,0.92,1995,2022-06-06 13:55:00
724,0.9202,0.937593,0.92,0.937593,1217,2022-06-06 13:56:00
725,0.966,0.966,0.92,0.94,894,2022-06-06 13:59:00
726,0.92,0.95615,0.92,0.95615,2295,2022-06-06 14:05:00
727,0.966,0.966,0.91,0.91,2660,2022-06-06 14:14:00
728,0.9332,0.9332,0.9332,0.9332,100,2022-06-06 14:21:00
729,0.91,0.91,0.91,0.91,2955,2022-06-06 14:27:00
730,0.9101,0.9101,0.9101,0.9101,500,2022-06-06 14:33:00
731,0.92,0.92,0.92,0.92,100,2022-06-06 14:34:00
732,0.94,0.94,0.94,0.94,1000,2022-06-06 14:43:00
733,0.94,0.94,0.91,0.91,4649,2022-06-06 14:44:00
734,0.9102,0.9102,0.9102,0.9102,161,2022-06-06 14:52:00
735,0.9303,0.9303,0.9303,0.9303,141,2022-06-06 15:08:00
736,0.9503,0.9503,0.91,0.91,1090,2022-06-06 15:09:00
737,0.93,0.93,0.93,0.93,100,2022-06-06 15:13:00
738,0.91,0.91,0.9,0.9,10203,2022-06-06 15:21:00
739,0.922275,0.922275,0.922275,0.922275,100,2022-06-06 15:31:00
740,0.9001,0.9001,0.9001,0.9001,500,2022-06-06 15:46:00
741,0.9141,0.9141,0.9141,0.9141,100,2022-06-06 15:52:00
742,0.9,0.9,0.9,0.9,3694,2022-06-06 15:54:00
743,0.927918,0.927918,0.927918,0.927918,300,2022-06-06 16:04:00
744,0.91395,0.91395,0.91395,0.91395,1000,2022-06-06 16:18:00
745,0.91395,0.91395,0.91395,0.91395,105,2022-06-06 16:29:00
746,0.9101,0.9101,0.9,0.9,913,2022-06-06 16:36:00
747,0.9,0.9,0.89,0.89,3377,2022-06-06 16:44:00
748,0.88,0.88,0.88,0.88,3508,2022-06-06 16:54:00
749,0.9141,0.9168,0.9141,0.9147,5000,2022-06-06 17:21:00
750,0.916699,0.916699,0.916699,0.916699,200,2022-06-06 17:22:00
751,0.9165,0.9165,0.9165,0.9165,500,2022-06-06 17:23:00
752,0.916799,0.916799,0.916799,0.916799,100,2022-06-06 17:24:00
753,0.9168,0.9168,0.9,0.9168,2400,2022-06-06 17:26:00
754,0.9175,0.919,0.9175,0.919,600,2022-06-06 17:30:00
755,0.9175,0.9175,0.9175,0.9175,400,2022-06-06 17:32:00
756,0.91,0.9132,0.91,0.91,3200,2022-06-06 17:33:00
757,0.915,0.919799,0.91,0.919799,4000,2022-06-06 17:45:00
758,0.918401,0.918401,0.9184,0.9184,1800,2022-06-06 17:48:00
759,0.9147,0.9147,0.9147,0.9147,200,2022-06-06 18:05:00
760,0.91,0.9141,0.91,0.9141,1600,2022-06-06 18:07:00
761,0.9101,0.9101,0.9101,0.9101,150,2022-06-06 18:11:00
762,0.9141,0.9141,0.9141,0.9141,200,2022-06-06 18:26:00
763,0.9161,0.9161,0.9161,0.9161,400,2022-06-06 18:27:00
764,0.91,0.91,0.9075,0.9075,3500,2022-06-06 18:30:00
765,0.9,0.9,0.9,0.9,700,2022-06-06 18:36:00
766,0.9,0.9,0.9,0.9,100,2022-06-06 18:42:00
767,0.89,0.89,0.89,0.89,300,2022-06-06 18:43:00
768,0.88,0.88,0.88,0.88,2897,2022-06-06 18:47:00
769,0.88,0.88,0.88,0.88,2493,2022-06-06 18:57:00
770,0.8866,0.8866,0.8866,0.8866,100,2022-06-06 19:01:00
771,0.88495,0.8899,0.88,0.88,18406,2022-06-06 19:02:00
772,0.88675,0.88675,0.88675,0.88675,100,2022-06-06 19:03:00
773,0.8885,0.8885,0.8885,0.8885,107,2022-06-06 19:04:00
774,0.8874,0.887499,0.8872,0.8872,9395,2022-06-06 19:07:00
775,0.8873,0.9028,0.8872,0.8872,9733,2022-06-06 19:08:00
776,0.8873,0.8873,0.88,0.88,2568,2022-06-06 19:12:00
777,0.88365,0.88365,0.88365,0.88365,100,2022-06-06 19:14:00
778,0.8873,0.8873,0.8818,0.8818,1300,2022-06-06 19:17:00
779,0.882399,0.882399,0.882399,0.882399,100,2022-06-06 19:25:00
780,0.88,0.88,0.88,0.88,1895,2022-06-06 19:27:00
781,0.88,0.882401,0.88,0.88,2649,2022-06-06 19:33:00
782,0.8824,0.8824,0.882399,0.882399,856,2022-06-06 19:36:00
783,0.88,0.8814,0.88,0.8814,2197,2022-06-06 19:37:00
784,0.88,0.88,0.88,0.88,161,2022-06-06 19:40:00
785,0.875,0.875,0.875,0.875,900,2022-06-06 19:41:00
786,0.87,0.8723,0.87,0.8723,700,2022-06-06 19:43:00
787,0.8779,0.8779,0.865,0.865,1300,2022-06-06 19:44:00
788,0.864,0.864,0.86,0.86,700,2022-06-06 19:46:00
789,0.877599,0.877599,0.877599,0.877599,434,2022-06-06 19:47:00
790,0.8501,0.8505,0.8501,0.8501,1000,2022-06-06 19:48:00
791,0.86,0.86,0.8505,0.8505,700,2022-06-06 19:51:00
792,0.851,0.851,0.851,0.851,900,2022-06-06 19:52:00
793,0.875099,0.8751,0.875099,0.8751,200,2022-06-06 19:53:00
794,0.852,0.852,0.852,0.852,800,2022-06-06 19:54:00
795,0.852,0.852,0.852,0.852,700,2022-06-06 19:55:00
796,0.852,0.8748,0.852,0.8548,1150,2022-06-06 19:56:00
797,0.8515,0.8515,0.8505,0.8505,480,2022-06-06 19:57:00
798,0.8548,0.8691,0.8505,0.8505,2098,2022-06-06 19:58:00
799,0.8508,0.8691,0.8505,0.8505,1330,2022-06-06 19:59:00
800,0.9437,0.9437,0.9437,0.9437,100,2022-06-06 20:13:00
801,0.9346,0.9346,0.9346,0.9346,210,2022-06-07 12:06:00
802,0.87,0.87,0.85,0.85,501,2022-06-07 13:30:00
803,0.85,0.85,0.8,0.8001,1708,2022-06-07 13:32:00
804,0.8,0.8001,0.8,0.8001,400,2022-06-07 13:33:00
805,0.8001,0.8002,0.8001,0.8001,600,2022-06-07 13:34:00
806,0.8402,0.8402,0.8001,0.8001,300,2022-06-07 13:35:00
807,0.8001,0.8001,0.8001,0.8001,100,2022-06-07 13:36:00
808,0.8001,0.8001,0.8,0.8,698,2022-06-07 13:37:00
809,0.79,0.79,0.78,0.78,200,2022-06-07 13:38:00
810,0.78,0.806,0.78,0.78,700,2022-06-07 13:39:00
811,0.792,0.792,0.792,0.792,600,2022-06-07 13:40:00
812,0.78,0.78,0.78,0.78,200,2022-06-07 13:41:00
813,0.78,0.7802,0.78,0.7802,200,2022-06-07 13:42:00
814,0.78,0.79,0.78,0.79,300,2022-06-07 13:43:00
815,0.79,0.82,0.79,0.82,6940,2022-06-07 13:44:00
816,0.8201,0.8201,0.82,0.82,1063,2022-06-07 13:49:00
817,0.82595,0.82595,0.82595,0.82595,340,2022-06-07 13:50:00
818,0.82,0.82,0.82,0.82,1179,2022-06-07 13:51:00
819,0.82,0.82,0.82,0.82,100,2022-06-07 13:58:00
820,0.82,0.82,0.82,0.82,400,2022-06-07 13:59:00
821,0.82,0.82,0.82,0.82,200,2022-06-07 14:00:00
822,0.82,0.82595,0.82,0.82,400,2022-06-07 14:01:00
823,0.82,0.82,0.82,0.82,500,2022-06-07 14:02:00
824,0.82,0.82,0.82,0.82,900,2022-06-07 14:03:00
825,0.82,0.82,0.82,0.82,310,2022-06-07 14:04:00
826,0.82,0.82,0.82,0.82,100,2022-06-07 14:05:00
827,0.8021,0.8021,0.8021,0.8021,100,2022-06-07 14:06:00
828,0.8021,0.8021,0.8,0.8,300,2022-06-07 14:07:00
829,0.8,0.8,0.8,0.8,400,2022-06-07 14:08:00
830,0.8,0.8,0.79,0.79,300,2022-06-07 14:09:00
831,0.79,0.7901,0.79,0.79,900,2022-06-07 14:10:00
832,0.79,0.79,0.79,0.79,200,2022-06-07 14:11:00
833,0.79,0.7901,0.79,0.7901,300,2022-06-07 14:12:00
834,0.7901,0.7901,0.7901,0.7901,200,2022-06-07 14:13:00
835,0.7901,0.7901,0.7901,0.7901,200,2022-06-07 14:14:00
836,0.7901,0.7901,0.7901,0.7901,200,2022-06-07 14:15:00
837,0.7901,0.8,0.7901,0.7901,10200,2022-06-07 14:16:00
838,0.79,0.79,0.79,0.79,300,2022-06-07 14:17:00
839,0.79,0.795,0.79,0.795,800,2022-06-07 14:18:00
840,0.79,0.79,0.79,0.79,200,2022-06-07 14:19:00
841,0.79,0.79,0.79,0.79,200,2022-06-07 14:20:00
842,0.7901,0.7901,0.7901,0.7901,200,2022-06-07 14:21:00
843,0.7901,0.7901,0.7901,0.7901,200,2022-06-07 14:22:00
844,0.7901,0.7902,0.7901,0.7901,1000,2022-06-07 14:23:00
845,0.7901,0.8,0.7901,0.7901,9723,2022-06-07 14:24:00
846,0.8,0.8,0.795,0.8,11068,2022-06-07 14:25:00
847,0.795,0.795,0.795,0.795,200,2022-06-07 14:27:00
848,0.795,0.7975,0.795,0.7975,700,2022-06-07 14:28:00
849,0.795,0.795,0.795,0.795,100,2022-06-07 14:29:00
850,0.795,0.795,0.795,0.795,200,2022-06-07 14:30:00
851,0.795,0.795,0.795,0.795,200,2022-06-07 14:31:00
852,0.795,0.8,0.795,0.8,799,2022-06-07 14:32:00
853,0.795,0.8,0.795,0.8,3900,2022-06-07 14:33:00
854,0.8,0.8,0.8,0.8,100,2022-06-07 14:37:00
855,0.8,0.8,0.8,0.8,200,2022-06-07 14:38:00
856,0.8,0.8,0.8,0.8,100,2022-06-07 14:39:00
857,0.8,0.8,0.8,0.8,200,2022-06-07 14:40:00
858,0.8,0.8,0.8,0.8,400,2022-06-07 14:41:00
859,0.8,0.8,0.8,0.8,200,2022-06-07 14:42:00
860,0.8,0.8001,0.8,0.8,1000,2022-06-07 14:43:00
861,0.8,0.8,0.8,0.8,300,2022-06-07 14:44:00
862,0.8,0.8,0.8,0.8,200,2022-06-07 14:45:00
863,0.8,0.8,0.8,0.8,200,2022-06-07 14:46:00
864,0.8,0.8,0.8,0.8,200,2022-06-07 14:47:00
865,0.8,0.8,0.8,0.8,200,2022-06-07 14:48:00
866,0.8198,0.8198,0.8,0.8101,5905,2022-06-07 14:49:00
867,0.81,0.814,0.81,0.81,11700,2022-06-07 14:50:00
868,0.8257,0.8318,0.811,0.811,3400,2022-06-07 14:52:00
869,0.82,0.8311,0.82,0.8311,882,2022-06-07 14:54:00
870,0.8365,0.8365,0.8331,0.8331,2727,2022-06-07 14:55:00
871,0.8402,0.8402,0.8402,0.8402,100,2022-06-07 14:56:00
872,0.8402,0.87,0.8402,0.87,10988,2022-06-07 14:58:00
873,0.8687,0.8687,0.8603,0.8603,3522,2022-06-07 14:59:00
874,0.8725,0.8725,0.8713,0.8713,2300,2022-06-07 15:00:00
875,0.8855,0.8858,0.87,0.8806,12700,2022-06-07 15:01:00
876,0.87,0.87,0.8475,0.8475,24368,2022-06-07 15:02:00
877,0.8475,0.8475,0.837,0.8425,17152,2022-06-07 15:03:00
878,0.86525,0.86525,0.83,0.83,12795,2022-06-07 15:04:00
879,0.83,0.83,0.83,0.83,14266,2022-06-07 15:05:00
880,0.83,0.85525,0.83,0.85525,17534,2022-06-07 15:06:00
881,0.86525,0.86525,0.85,0.85,9125,2022-06-07 15:08:00
882,0.8653,0.8653,0.8653,0.8653,600,2022-06-07 15:09:00
883,0.85,0.85,0.85,0.85,200,2022-06-07 15:12:00
884,0.85,0.85,0.85,0.85,200,2022-06-07 15:13:00
885,0.85,0.85,0.85,0.85,100,2022-06-07 15:14:00
886,0.85,0.85,0.85,0.85,200,2022-06-07 15:15:00
887,0.85,0.85,0.85,0.85,100,2022-06-07 15:16:00
888,0.85,0.85,0.85,0.85,200,2022-06-07 15:17:00
889,0.85,0.85,0.85,0.85,200,2022-06-07 15:18:00
890,0.85,0.85,0.85,0.85,100,2022-06-07 15:19:00
891,0.85,0.85,0.85,0.85,100,2022-06-07 15:20:00
892,0.83,0.83,0.83,0.83,200,2022-06-07 15:21:00
893,0.83,0.83,0.83,0.83,100,2022-06-07 15:22:00
894,0.83,0.83,0.83,0.83,200,2022-06-07 15:23:00
895,0.83,0.83,0.83,0.83,100,2022-06-07 15:24:00
896,0.8554,0.8554,0.83,0.83,450,2022-06-07 15:25:00
897,0.83,0.83,0.83,0.83,100,2022-06-07 15:26:00
898,0.83,0.83,0.83,0.83,200,2022-06-07 15:27:00
899,0.83,0.842351,0.83,0.83,1800,2022-06-07 15:28:00
900,0.8547,0.8547,0.83,0.83,600,2022-06-07 15:29:00
901,0.83,0.83,0.83,0.83,200,2022-06-07 15:30:00
902,0.83,0.83,0.83,0.83,100,2022-06-07 15:31:00
903,0.83,0.83,0.83,0.83,200,2022-06-07 15:32:00
904,0.83,0.83,0.83,0.83,200,2022-06-07 15:33:00
905,0.83,0.83,0.83,0.83,100,2022-06-07 15:34:00
906,0.83,0.83,0.83,0.83,200,2022-06-07 15:35:00
907,0.83,0.83,0.83,0.83,100,2022-06-07 15:36:00
908,0.83,0.83,0.83,0.83,200,2022-06-07 15:37:00
909,0.83,0.83,0.83,0.83,100,2022-06-07 15:38:00
910,0.83,0.83,0.83,0.83,200,2022-06-07 15:39:00
911,0.83,0.83,0.83,0.83,100,2022-06-07 15:40:00
912,0.83,0.842351,0.83,0.83,800,2022-06-07 15:41:00
913,0.83,0.83,0.83,0.83,100,2022-06-07 15:42:00
914,0.842351,0.842351,0.83,0.83,1678,2022-06-07 15:43:00
915,0.83,0.83,0.83,0.83,200,2022-06-07 15:44:00
916,0.83,0.83,0.83,0.83,100,2022-06-07 15:45:00
917,0.83,0.83,0.83,0.83,1100,2022-06-07 15:46:00
918,0.83,0.83,0.83,0.83,100,2022-06-07 15:47:00
919,0.83,0.83,0.83,0.83,100,2022-06-07 15:48:00
920,0.83,0.83,0.83,0.83,850,2022-06-07 15:49:00
921,0.83,0.83,0.83,0.83,100,2022-06-07 15:50:00
922,0.83,0.83,0.83,0.83,100,2022-06-07 15:51:00
923,0.82,0.8263,0.82,0.8263,300,2022-06-07 15:52:00
924,0.82,0.82,0.82,0.82,200,2022-06-07 15:53:00
925,0.82,0.82,0.82,0.82,100,2022-06-07 15:54:00
926,0.82,0.82,0.82,0.82,200,2022-06-07 15:55:00
927,0.82,0.82,0.82,0.82,100,2022-06-07 15:56:00
928,0.82,0.82,0.82,0.82,100,2022-06-07 15:57:00
929,0.82,0.82,0.82,0.82,200,2022-06-07 15:58:00
930,0.82,0.82,0.82,0.82,100,2022-06-07 15:59:00
931,0.82,0.82,0.82,0.82,100,2022-06-07 16:00:00
932,0.82,0.83,0.82,0.83,200,2022-06-07 16:01:00
933,0.82,0.82,0.82,0.82,100,2022-06-07 16:02:00
934,0.82,0.82,0.82,0.82,200,2022-06-07 16:03:00
935,0.82,0.82,0.82,0.82,100,2022-06-07 16:05:00
936,0.82,0.82,0.82,0.82,200,2022-06-07 16:06:00
937,0.82,0.82,0.82,0.82,100,2022-06-07 16:07:00
938,0.82,0.82,0.82,0.82,100,2022-06-07 16:08:00
939,0.82,0.82,0.82,0.82,100,2022-06-07 16:09:00
940,0.82,0.82,0.82,0.82,200,2022-06-07 16:10:00
941,0.82,0.82,0.82,0.82,100,2022-06-07 16:11:00
942,0.82,0.82,0.82,0.82,100,2022-06-07 16:12:00
943,0.82,0.82,0.82,0.82,200,2022-06-07 16:13:00
944,0.82,0.82,0.82,0.82,100,2022-06-07 16:14:00
945,0.82,0.82,0.82,0.82,100,2022-06-07 16:15:00
946,0.82,0.82,0.82,0.82,100,2022-06-07 16:16:00
947,0.82,0.8201,0.82,0.82,1000,2022-06-07 16:17:00
948,0.82,0.82,0.82,0.82,100,2022-06-07 16:18:00
949,0.82,0.82,0.82,0.82,100,2022-06-07 16:19:00
950,0.82,0.82,0.82,0.82,100,2022-06-07 16:20:00
951,0.82,0.82,0.82,0.82,100,2022-06-07 16:21:00
952,0.82,0.8355,0.82,0.82,700,2022-06-07 16:22:00
953,0.82,0.82,0.82,0.82,100,2022-06-07 16:23:00
954,0.82,0.82,0.82,0.82,100,2022-06-07 16:24:00
955,0.82,0.82,0.82,0.82,100,2022-06-07 16:25:00
956,0.825,0.825,0.825,0.825,100,2022-06-07 16:26:00
957,0.825,0.825,0.825,0.825,200,2022-06-07 16:27:00
958,0.825,0.8392,0.825,0.8392,200,2022-06-07 16:28:00
959,0.825,0.825,0.825,0.825,100,2022-06-07 16:30:00
960,0.825,0.825,0.825,0.825,100,2022-06-07 16:31:00
961,0.825,0.825,0.825,0.825,200,2022-06-07 16:32:00
962,0.825,0.825,0.825,0.825,100,2022-06-07 16:33:00
963,0.825,0.825,0.825,0.825,100,2022-06-07 16:34:00
964,0.825,0.825,0.825,0.825,100,2022-06-07 16:35:00
965,0.825,0.825,0.825,0.825,100,2022-06-07 16:36:00
966,0.825,0.825,0.825,0.825,200,2022-06-07 16:37:00
967,0.825,0.825,0.825,0.825,100,2022-06-07 16:38:00
968,0.825,0.825,0.825,0.825,100,2022-06-07 16:39:00
969,0.825,0.825,0.825,0.825,100,2022-06-07 16:40:00
970,0.825,0.825,0.825,0.825,100,2022-06-07 16:41:00
971,0.825,0.825,0.825,0.825,250,2022-06-07 16:42:00
972,0.825,0.8371,0.825,0.825,700,2022-06-07 16:43:00
973,0.825,0.825,0.825,0.825,100,2022-06-07 16:44:00
974,0.825,0.825,0.825,0.825,100,2022-06-07 16:45:00
975,0.825,0.825,0.825,0.825,100,2022-06-07 16:46:00
976,0.825,0.825,0.825,0.825,100,2022-06-07 16:47:00
977,0.825,0.8251,0.825,0.825,900,2022-06-07 16:48:00
978,0.825,0.825,0.825,0.825,100,2022-06-07 16:49:00
979,0.825,0.825,0.825,0.825,100,2022-06-07 16:50:00
980,0.825,0.825,0.825,0.825,100,2022-06-07 16:51:00
981,0.825,0.825,0.825,0.825,200,2022-06-07 16:52:00
982,0.825,0.825,0.825,0.825,100,2022-06-07 16:53:00
983,0.825,0.825,0.825,0.825,100,2022-06-07 16:54:00
984,0.825,0.825,0.825,0.825,100,2022-06-07 16:55:00
985,0.8251,0.8251,0.825,0.825,900,2022-06-07 16:56:00
986,0.825,0.825,0.825,0.825,100,2022-06-07 16:57:00
987,0.825,0.825,0.825,0.825,100,2022-06-07 16:58:00
988,0.825,0.825,0.825,0.825,100,2022-06-07 16:59:00
989,0.825,0.825,0.825,0.825,200,2022-06-07 17:00:00
990,0.825,0.825,0.825,0.825,100,2022-06-07 17:01:00
991,0.825,0.825,0.825,0.825,100,2022-06-07 17:02:00
992,0.825,0.825,0.825,0.825,100,2022-06-07 17:03:00
993,0.825,0.825,0.825,0.825,100,2022-06-07 17:04:00
994,0.825,0.825,0.825,0.825,200,2022-06-07 17:05:00
995,0.825,0.825,0.825,0.825,100,2022-06-07 17:06:00
996,0.825,0.825,0.825,0.825,100,2022-06-07 17:07:00
997,0.825,0.825,0.825,0.825,100,2022-06-07 17:08:00
998,0.825,0.825,0.825,0.825,100,2022-06-07 17:09:00
999,0.825,0.825,0.825,0.825,100,2022-06-07 17:10:00
1000,0.825,0.825,0.825,0.825,200,2022-06-07 17:11:00
1001,0.839199,0.839199,0.825,0.825,1200,2022-06-07 17:12:00
1002,0.825,0.825,0.825,0.825,100,2022-06-07 17:13:00
1003,0.825,0.825,0.825,0.825,100,2022-06-07 17:14:00
1004,0.825,0.825,0.825,0.825,100,2022-06-07 17:15:00
1005,0.825,0.825,0.825,0.825,200,2022-06-07 17:16:00
1006,0.825,0.825,0.825,0.825,100,2022-06-07 17:17:00
1007,0.825,0.825,0.825,0.825,100,2022-06-07 17:18:00
1008,0.825,0.825,0.825,0.825,100,2022-06-07 17:19:00
1009,0.825,0.8392,0.825,0.8392,360,2022-06-07 17:20:00
1010,0.825,0.825,0.825,0.825,100,2022-06-07 17:21:00
1011,0.825,0.8251,0.825,0.825,800,2022-06-07 17:22:00
1012,0.825,0.825,0.825,0.825,200,2022-06-07 17:23:00
1013,0.825,0.825,0.825,0.825,100,2022-06-07 17:24:00
1014,0.825,0.825,0.825,0.825,100,2022-06-07 17:25:00
1015,0.825,0.825,0.825,0.825,100,2022-06-07 17:26:00
1016,0.825,0.825,0.825,0.825,100,2022-06-07 17:27:00
1017,0.825,0.825,0.825,0.825,100,2022-06-07 17:28:00
1018,0.825,0.825,0.825,0.825,200,2022-06-07 17:29:00
1019,0.825,0.825,0.825,0.825,100,2022-06-07 17:30:00
1020,0.825,0.825,0.825,0.825,100,2022-06-07 17:31:00
1021,0.825,0.825,0.825,0.825,100,2022-06-07 17:32:00
1022,0.825,0.825,0.825,0.825,100,2022-06-07 17:33:00
1023,0.825,0.8251,0.825,0.825,900,2022-06-07 17:34:00
1024,0.825,0.825,0.825,0.825,100,2022-06-07 17:35:00
1025,0.825,0.825,0.825,0.825,100,2022-06-07 17:36:00
1026,0.825,0.825,0.825,0.825,100,2022-06-07 17:37:00
1027,0.825,0.825,0.825,0.825,100,2022-06-07 17:38:00
1028,0.825,0.825,0.825,0.825,100,2022-06-07 17:39:00
1029,0.825,0.825,0.825,0.825,100,2022-06-07 17:40:00
1030,0.825,0.825,0.825,0.825,8946,2022-06-07 17:41:00
1031,0.82,0.82,0.82,0.82,100,2022-06-07 17:42:00
1032,0.82,0.82,0.82,0.82,100,2022-06-07 17:43:00
1033,0.82,0.82,0.82,0.82,100,2022-06-07 17:44:00
1034,0.82,0.839008,0.82,0.82,1200,2022-06-07 17:45:00
1035,0.82,0.82,0.82,0.82,100,2022-06-07 17:46:00
1036,0.8301,0.8301,0.8301,0.8301,100,2022-06-07 17:47:00
1037,0.8301,0.8301,0.8301,0.8301,100,2022-06-07 17:48:00
1038,0.8302,0.8302,0.8301,0.8301,700,2022-06-07 17:49:00
1039,0.8301,0.8301,0.8301,0.8301,200,2022-06-07 17:50:00
1040,0.8301,0.8301,0.8301,0.8301,100,2022-06-07 17:51:00
1041,0.8301,0.8301,0.8301,0.8301,100,2022-06-07 17:52:00
1042,0.8301,0.8302,0.8301,0.8302,2100,2022-06-07 17:53:00
1043,0.8347,0.8347,0.8347,0.8347,100,2022-06-07 17:54:00
1044,0.8347,0.8347,0.8347,0.8347,200,2022-06-07 17:55:00
1045,0.8347,0.8347,0.8347,0.8347,100,2022-06-07 17:56:00
1046,0.8347,0.8347,0.8347,0.8347,100,2022-06-07 17:57:00
1047,0.8347,0.8347,0.8347,0.8347,100,2022-06-07 17:58:00
1048,0.8347,0.8347,0.8347,0.8347,100,2022-06-07 17:59:00
1049,0.8347,0.8353,0.8347,0.8353,200,2022-06-07 18:00:00
1050,0.8301,0.8301,0.8301,0.8301,100,2022-06-07 18:01:00
1051,0.8301,0.8301,0.8301,0.8301,100,2022-06-07 18:02:00
1052,0.8301,0.8301,0.8301,0.8301,200,2022-06-07 18:03:00
1053,0.8301,0.8301,0.8301,0.8301,100,2022-06-07 18:04:00
1054,0.8301,0.8301,0.8301,0.8301,100,2022-06-07 18:05:00
1055,0.8301,0.8301,0.8301,0.8301,200,2022-06-07 18:06:00
1056,0.8301,0.8301,0.8301,0.8301,100,2022-06-07 18:07:00
1057,0.8301,0.8301,0.8301,0.8301,100,2022-06-07 18:08:00
1058,0.8301,0.8301,0.8301,0.8301,200,2022-06-07 18:09:00
1059,0.8301,0.8301,0.8301,0.8301,100,2022-06-07 18:10:00
1060,0.8301,0.8301,0.8301,0.8301,100,2022-06-07 18:11:00
1061,0.8301,0.8301,0.8301,0.8301,200,2022-06-07 18:12:00
1062,0.8301,0.8301,0.8301,0.8301,100,2022-06-07 18:13:00
1063,0.8301,0.8301,0.8301,0.8301,100,2022-06-07 18:14:00
1064,0.8301,0.8301,0.8301,0.8301,200,2022-06-07 18:15:00
1065,0.8301,0.8301,0.8301,0.8301,100,2022-06-07 18:16:00
1066,0.8301,0.8346,0.8301,0.8346,800,2022-06-07 18:17:00
1067,0.8301,0.8301,0.8301,0.8301,200,2022-06-07 18:19:00
1068,0.8301,0.8301,0.8301,0.8301,100,2022-06-07 18:20:00
1069,0.8301,0.8301,0.8301,0.8301,100,2022-06-07 18:21:00
1070,0.8301,0.8301,0.8301,0.8301,200,2022-06-07 18:22:00
1071,0.8301,0.8301,0.8301,0.8301,100,2022-06-07 18:23:00
1072,0.8301,0.8301,0.8301,0.8301,100,2022-06-07 18:24:00
1073,0.8301,0.8301,0.8301,0.8301,200,2022-06-07 18:25:00
1074,0.8301,0.8301,0.8301,0.8301,100,2022-06-07 18:26:00
1075,0.8301,0.8301,0.8301,0.8301,100,2022-06-07 18:27:00
1076,0.8301,0.8301,0.8301,0.8301,100,2022-06-07 18:28:00
1077,0.8301,0.8301,0.8301,0.8301,200,2022-06-07 18:29:00
1078,0.8301,0.8301,0.8301,0.8301,100,2022-06-07 18:30:00
1079,0.8301,0.8301,0.8301,0.8301,100,2022-06-07 18:31:00
1080,0.8301,0.8301,0.8301,0.8301,200,2022-06-07 18:32:00
1081,0.8301,0.8301,0.8301,0.8301,100,2022-06-07 18:33:00
1082,0.8346,0.8346,0.83,0.83,200,2022-06-07 18:34:00
1083,0.8301,0.8301,0.8301,0.8301,100,2022-06-07 18:35:00
1084,0.8301,0.8301,0.8301,0.8301,100,2022-06-07 18:36:00
1085,0.8301,0.8301,0.8301,0.8301,200,2022-06-07 18:37:00
1086,0.8301,0.8301,0.8301,0.8301,100,2022-06-07 18:38:00
1087,0.8301,0.8301,0.82,0.82,750,2022-06-07 18:39:00
1088,0.835,0.835,0.835,0.835,500,2022-06-07 18:40:00
1089,0.835,0.835,0.835,0.835,100,2022-06-07 18:44:00
1090,0.835,0.835,0.835,0.835,200,2022-06-07 18:45:00
1091,0.835,0.835,0.835,0.835,100,2022-06-07 18:46:00
1092,0.835,0.835,0.835,0.835,200,2022-06-07 18:47:00
1093,0.82,0.82,0.82,0.82,100,2022-06-07 18:48:00
1094,0.82,0.82,0.82,0.82,100,2022-06-07 18:49:00
1095,0.82,0.82,0.82,0.82,200,2022-06-07 18:50:00
1096,0.82,0.82,0.82,0.82,100,2022-06-07 18:51:00
1097,0.82,0.82,0.82,0.82,200,2022-06-07 18:52:00
1098,0.82,0.82,0.82,0.82,100,2022-06-07 18:53:00
1099,0.8201,0.8201,0.82,0.82,500,2022-06-07 18:54:00
1100,0.82,0.82,0.82,0.82,200,2022-06-07 18:55:00
1101,0.82,0.82,0.82,0.82,100,2022-06-07 18:56:00
1102,0.82,0.82,0.82,0.82,200,2022-06-07 18:57:00
1103,0.82,0.82,0.82,0.82,100,2022-06-07 18:58:00
1104,0.82,0.82,0.82,0.82,200,2022-06-07 18:59:00
1105,0.82,0.82,0.82,0.82,100,2022-06-07 19:00:00
1106,0.82,0.82,0.82,0.82,100,2022-06-07 19:01:00
1107,0.82,0.82,0.82,0.82,200,2022-06-07 19:02:00
1108,0.82,0.8201,0.82,0.82,700,2022-06-07 19:03:00
1109,0.82,0.82,0.82,0.82,200,2022-06-07 19:04:00
1110,0.82,0.82,0.82,0.82,100,2022-06-07 19:05:00
1111,0.82,0.82,0.82,0.82,200,2022-06-07 19:06:00
1112,0.82,0.82,0.82,0.82,100,2022-06-07 19:07:00
1113,0.82,0.82,0.82,0.82,200,2022-06-07 19:08:00
1114,0.82,0.82,0.82,0.82,200,2022-06-07 19:09:00
1115,0.82,0.82,0.82,0.82,100,2022-06-07 19:10:00
1116,0.82,0.82,0.82,0.82,200,2022-06-07 19:11:00
1117,0.82,0.82,0.82,0.82,200,2022-06-07 19:12:00
1118,0.82,0.82,0.82,0.82,100,2022-06-07 19:13:00
1119,0.82,0.82,0.82,0.82,200,2022-06-07 19:14:00
1120,0.82,0.82,0.82,0.82,200,2022-06-07 19:15:00
1121,0.82,0.82,0.82,0.82,200,2022-06-07 19:16:00
1122,0.82,0.82,0.82,0.82,100,2022-06-07 19:17:00
1123,0.82,0.8201,0.82,0.82,700,2022-06-07 19:18:00
1124,0.82,0.82,0.82,0.82,200,2022-06-07 19:19:00
1125,0.82,0.82,0.82,0.82,200,2022-06-07 19:20:00
1126,0.82,0.82,0.82,0.82,100,2022-06-07 19:21:00
1127,0.82,0.82,0.82,0.82,200,2022-06-07 19:22:00
1128,0.82,0.82,0.82,0.82,200,2022-06-07 19:23:00
1129,0.82,0.8524,0.82,0.84,3176,2022-06-07 19:24:00
1130,0.82,0.82,0.82,0.82,200,2022-06-07 19:25:00
1131,0.82,0.82,0.82,0.82,200,2022-06-07 19:26:00
1132,0.82,0.82,0.82,0.82,200,2022-06-07 19:27:00
1133,0.82,0.82,0.82,0.82,100,2022-06-07 19:28:00
1134,0.82,0.82,0.82,0.82,200,2022-06-07 19:29:00
1135,0.82,0.82,0.82,0.82,100,2022-06-07 19:30:00
1136,0.82,0.82,0.82,0.82,200,2022-06-07 19:31:00
1137,0.82,0.82,0.82,0.82,200,2022-06-07 19:32:00
1138,0.82,0.82,0.82,0.82,300,2022-06-07 19:33:00
1139,0.8201,0.8201,0.82,0.82,600,2022-06-07 19:34:00
1140,0.82,0.82,0.82,0.82,200,2022-06-07 19:35:00
1141,0.82,0.82,0.82,0.82,200,2022-06-07 19:36:00
1142,0.82,0.82,0.82,0.82,300,2022-06-07 19:37:00
1143,0.82,0.8201,0.82,0.82,600,2022-06-07 19:38:00
1144,0.82,0.82,0.82,0.82,200,2022-06-07 19:39:00
1145,0.82,0.82,0.82,0.82,200,2022-06-07 19:40:00
1146,0.83,0.84,0.8249,0.8249,1100,2022-06-07 19:41:00
1147,0.822,0.822,0.8211,0.8211,500,2022-06-07 19:42:00
1148,0.82,0.8211,0.82,0.8211,300,2022-06-07 19:43:00
1149,0.82,0.82,0.82,0.82,200,2022-06-07 19:44:00
1150,0.82,0.8201,0.82,0.82,700,2022-06-07 19:45:00
1151,0.82,0.82,0.82,0.82,300,2022-06-07 19:46:00
1152,0.82,0.82,0.82,0.82,400,2022-06-07 19:47:00
1153,0.82,0.82,0.82,0.82,3441,2022-06-07 19:48:00
1154,0.812,0.812,0.811,0.811,300,2022-06-07 19:49:00
1155,0.812,0.812,0.811,0.811,600,2022-06-07 19:50:00
1156,0.8116,0.8116,0.8116,0.8116,300,2022-06-07 19:51:00
1157,0.811,0.8116,0.811,0.811,500,2022-06-07 19:52:00
1158,0.8111,0.8111,0.811,0.811,700,2022-06-07 19:53:00
1159,0.811,0.811,0.811,0.811,500,2022-06-07 19:54:00
1160,0.811,0.8111,0.811,0.811,900,2022-06-07 19:55:00
1161,0.811,0.8111,0.811,0.8111,893,2022-06-07 19:56:00
1162,0.811,0.8111,0.811,0.811,900,2022-06-07 19:57:00
1163,0.811,0.8111,0.811,0.811,700,2022-06-07 19:58:00
1164,0.811,0.8202,0.8074,0.8202,2737,2022-06-07 19:59:00
1165,0.8074,0.8074,0.8074,0.8074,922,2022-06-07 20:00:00
1166,0.8481,0.8481,0.8481,0.8481,10000,2022-06-07 20:18:00
1167,0.8074,0.8074,0.8074,0.8074,150,2022-06-07 21:08:00
1168,0.8074,0.8074,0.8074,0.8074,498,2022-06-07 21:51:00
1169,0.87,0.87,0.87,0.87,186,2022-06-08 08:05:00
1170,0.8,0.8,0.8,0.8,935,2022-06-08 11:23:00
1171,0.827,0.827,0.81,0.81,1657,2022-06-08 13:30:00
1172,0.8,0.8,0.8,0.8,300,2022-06-08 13:32:00
1173,0.8008,0.8008,0.8008,0.8008,200,2022-06-08 13:35:00
1174,0.8008,0.8008,0.8008,0.8008,300,2022-06-08 13:37:00
1175,0.8,0.8,0.8,0.8,100,2022-06-08 13:39:00
1176,0.8,0.8035,0.78,0.78,3006,2022-06-08 13:40:00
1177,0.8035,0.8035,0.792077,0.792077,2200,2022-06-08 13:41:00
1178,0.7801,0.7801,0.7801,0.7801,200,2022-06-08 13:44:00
1179,0.783,0.785,0.78155,0.7826,800,2022-06-08 13:45:00
1180,0.785,0.785,0.785,0.785,300,2022-06-08 13:47:00
1181,0.7893,0.7898,0.7874,0.7875,800,2022-06-08 13:48:00
1182,0.79,0.79,0.79,0.79,692,2022-06-08 13:50:00
1183,0.799799,0.799799,0.79,0.79,3000,2022-06-08 13:52:00
1184,0.7999,0.7999,0.7999,0.7999,100,2022-06-08 13:55:00
1185,0.79,0.79,0.79,0.79,200,2022-06-08 13:56:00
1186,0.79,0.79,0.7623,0.7623,10220,2022-06-08 13:58:00
1187,0.770801,0.770801,0.770801,0.770801,6550,2022-06-08 13:59:00
1188,0.79,0.7944,0.78,0.7944,1800,2022-06-08 14:01:00
1189,0.789949,0.789949,0.789949,0.789949,100,2022-06-08 14:02:00
1190,0.79,0.7999,0.79,0.7999,2000,2022-06-08 14:03:00
1191,0.7707,0.7707,0.7707,0.7707,200,2022-06-08 14:04:00
1192,0.7724,0.7724,0.7707,0.7707,700,2022-06-08 14:08:00
1193,0.7707,0.7707,0.7707,0.7707,500,2022-06-08 14:11:00
1194,0.7729,0.7729,0.7729,0.7729,200,2022-06-08 14:12:00
1195,0.7729,0.7729,0.7729,0.7729,600,2022-06-08 14:15:00
1196,0.7999,0.7999,0.773,0.773,5200,2022-06-08 14:16:00
1197,0.773,0.773,0.773,0.773,500,2022-06-08 14:20:00
1198,0.7734,0.7734,0.7734,0.7734,100,2022-06-08 14:21:00
1199,0.7734,0.7999,0.7734,0.7999,11700,2022-06-08 14:23:00
1200,0.7734,0.7734,0.7734,0.7734,500,2022-06-08 14:24:00
1201,0.7733,0.7733,0.7733,0.7733,100,2022-06-08 14:28:00
1202,0.7733,0.7733,0.7733,0.7733,500,2022-06-08 14:29:00
1203,0.773,0.773,0.773,0.773,200,2022-06-08 14:30:00
1204,0.7999,0.7999,0.7999,0.7999,339,2022-06-08 14:32:00
1205,0.7734,0.783401,0.7734,0.783401,919,2022-06-08 14:33:00
1206,0.7734,0.7734,0.7734,0.7734,200,2022-06-08 14:35:00
1207,0.7734,0.7734,0.7734,0.7734,481,2022-06-08 14:40:00
1208,0.77,0.77,0.7641,0.7641,522,2022-06-08 14:45:00
1209,0.7641,0.7641,0.7625,0.7625,200,2022-06-08 14:46:00
1210,0.7626,0.7626,0.7626,0.7626,200,2022-06-08 14:47:00
1211,0.7626,0.7626,0.7626,0.7626,100,2022-06-08 14:49:00
1212,0.7623,0.7996,0.7623,0.7996,1855,2022-06-08 14:50:00
1213,0.7996,0.7996,0.7996,0.7996,100,2022-06-08 14:51:00
1214,0.7995,0.7995,0.7995,0.7995,100,2022-06-08 15:16:00
1215,0.7623,0.7995,0.7623,0.7995,1082,2022-06-08 15:20:00
1216,0.7994,0.7994,0.7723,0.7723,200,2022-06-08 15:29:00
1217,0.7992,0.7992,0.7992,0.7992,100,2022-06-08 15:37:00
1218,0.7992,0.7992,0.7992,0.7992,1000,2022-06-08 15:38:00
1219,0.7945,0.7993,0.7945,0.7993,5200,2022-06-08 15:40:00
1220,0.798,0.7991,0.798,0.7991,200,2022-06-08 16:10:00
1221,0.7623,0.7624,0.7623,0.7624,2916,2022-06-08 17:00:00
1222,0.789899,0.789899,0.789899,0.789899,100,2022-06-08 17:23:00
1223,0.7801,0.7801,0.7801,0.7801,4000,2022-06-08 17:26:00
1224,0.7899,0.79,0.7899,0.79,2007,2022-06-08 17:37:00
1225,0.7875,0.8,0.7875,0.8,3400,2022-06-08 17:38:00
1226,0.82,0.82,0.82,0.82,2000,2022-06-08 17:52:00
1227,0.8224,0.822481,0.7897,0.7897,1751,2022-06-08 17:54:00
1228,0.780001,0.780001,0.780001,0.780001,1000,2022-06-08 18:14:00
1229,0.8118,0.8118,0.8118,0.8118,1150,2022-06-08 18:17:00
1230,0.78,0.78,0.78,0.78,140,2022-06-08 18:22:00
1231,0.78,0.802,0.78,0.802,2200,2022-06-08 18:33:00
1232,0.805847,0.805847,0.805847,0.805847,5000,2022-06-08 19:09:00
1233,0.7998,0.7998,0.79,0.79,5100,2022-06-08 19:38:00
1234,0.7999,0.8,0.7999,0.8,3600,2022-06-08 19:39:00
1235,0.8118,0.8118,0.8118,0.8118,100,2022-06-08 19:40:00
1236,0.8149,0.8149,0.8148,0.8149,1878,2022-06-08 19:42:00
1237,0.8248,0.8248,0.8248,0.8248,252,2022-06-08 19:43:00
1238,0.8248,0.8248,0.8248,0.8248,300,2022-06-08 19:48:00
1239,0.8471,0.8471,0.8471,0.8471,3500,2022-06-08 19:50:00
1240,0.8385,0.847,0.8335,0.847,5881,2022-06-08 19:57:00
1241,0.8336,0.847,0.8336,0.847,2133,2022-06-08 19:58:00
1242,0.8435,0.846405,0.8435,0.845,12750,2022-06-08 19:59:00
1243,0.845,0.845,0.845,0.845,166,2022-06-08 20:00:00
1244,0.8458,0.8458,0.8458,0.8458,210,2022-06-08 20:33:00
1245,0.8458,0.8458,0.8458,0.8458,110,2022-06-08 20:34:00
1246,0.85,0.85,0.85,0.85,1000,2022-06-08 20:35:00
1247,0.8621,0.8621,0.8621,0.8621,529,2022-06-09 13:30:00
1248,0.840001,0.840001,0.840001,0.840001,100,2022-06-09 13:32:00
1249,0.8499,0.8499,0.8499,0.8499,600,2022-06-09 13:36:00
1250,0.8301,0.8301,0.8301,0.8301,100,2022-06-09 13:43:00
1251,0.830101,0.830101,0.830101,0.830101,1000,2022-06-09 13:44:00
1252,0.8301,0.8301,0.797901,0.797901,15116,2022-06-09 13:45:00
1253,0.803449,0.8035,0.803449,0.8035,300,2022-06-09 13:55:00
1254,0.8289,0.8289,0.8289,0.8289,100,2022-06-09 14:04:00
1255,0.80945,0.80945,0.80945,0.80945,500,2022-06-09 14:05:00
1256,0.805001,0.805001,0.805001,0.805001,120,2022-06-09 14:07:00
1257,0.805,0.805,0.805,0.805,100,2022-06-09 14:15:00
1258,0.828599,0.828599,0.8055,0.8055,1166,2022-06-09 14:40:00
1259,0.805601,0.805601,0.8055,0.8055,1552,2022-06-09 14:59:00
1260,0.828699,0.828699,0.828699,0.828699,320,2022-06-09 15:07:00
1261,0.8171,0.8287,0.8055,0.8055,1800,2022-06-09 15:09:00
1262,0.8287,0.8287,0.8055,0.8055,1200,2022-06-09 15:11:00
1263,0.828,0.828,0.828,0.828,633,2022-06-09 15:12:00
1264,0.8286,0.8286,0.8055,0.8055,1625,2022-06-09 15:19:00
1265,0.8174,0.84,0.8061,0.8061,13770,2022-06-09 15:56:00
1266,0.8061,0.8061,0.8061,0.8061,200,2022-06-09 16:27:00
1267,0.8233,0.84,0.8233,0.84,200,2022-06-09 16:57:00
1268,0.82325,0.84,0.8065,0.8065,1700,2022-06-09 17:11:00
1269,0.84,0.8486,0.8065,0.8065,14698,2022-06-09 17:12:00
1270,0.8485,0.8485,0.8065,0.8065,5800,2022-06-09 17:13:00
1271,0.82,0.8479,0.82,0.82,6700,2022-06-09 17:14:00
1272,0.8343,0.8486,0.8343,0.8486,1150,2022-06-09 17:15:00
1273,0.843034,0.85,0.8301,0.8497,5026,2022-06-09 17:16:00
1274,0.8543,0.876899,0.8497,0.8702,19100,2022-06-09 17:17:00
1275,0.8798,0.88,0.879575,0.88,4095,2022-06-09 17:18:00
1276,0.9025,0.9025,0.9025,0.9025,274,2022-06-09 17:19:00
1277,0.91,0.9247,0.91,0.915401,6936,2022-06-09 17:20:00
1278,0.9247,0.9453,0.9247,0.93,14129,2022-06-09 17:21:00
1279,0.930001,0.930766,0.93,0.930766,1651,2022-06-09 17:22:00
1280,0.9453,0.9453,0.9427,0.944,2700,2022-06-09 17:23:00
1281,0.904426,0.904426,0.904426,0.904426,1500,2022-06-09 17:24:00
1282,0.919,0.94,0.919,0.94,3100,2022-06-09 17:25:00
1283,0.919,0.919,0.919,0.919,225,2022-06-09 17:26:00
1284,0.8979,0.8979,0.8631,0.8631,10149,2022-06-09 17:27:00
1285,0.8678,0.8678,0.8678,0.8678,310,2022-06-09 17:31:00
1286,0.8705,0.889,0.8705,0.889,9900,2022-06-09 17:32:00
1287,0.895,0.9099,0.895,0.909,10000,2022-06-09 17:34:00
1288,0.90785,0.9088,0.90785,0.9088,200,2022-06-09 17:37:00
1289,0.8995,0.8995,0.896,0.896,2878,2022-06-09 17:40:00
1290,0.89,0.89,0.89,0.89,800,2022-06-09 17:41:00
1291,0.8923,0.8923,0.8923,0.8923,100,2022-06-09 17:43:00
1292,0.908899,0.908899,0.908899,0.908899,165,2022-06-09 17:44:00
1293,0.9052,0.909,0.9052,0.909,200,2022-06-09 17:45:00
1294,0.9,0.9,0.897918,0.897918,700,2022-06-09 17:47:00
1295,0.9073,0.9261,0.907299,0.925891,23048,2022-06-09 17:48:00
1296,0.9248,0.9261,0.8982,0.912151,16700,2022-06-09 17:49:00
1297,0.9261,0.9261,0.9223,0.9223,200,2022-06-09 17:51:00
1298,0.918049,0.918049,0.918049,0.918049,100,2022-06-09 17:52:00
1299,0.92,0.92,0.92,0.92,200,2022-06-09 17:53:00
1300,0.92,0.92609,0.92,0.92609,5100,2022-06-09 17:54:00
1301,0.9261,0.9453,0.9261,0.94275,23341,2022-06-09 17:55:00
1302,0.9412,0.9428,0.9269,0.9269,14873,2022-06-09 17:56:00
1303,0.925,0.925,0.9101,0.9101,1100,2022-06-09 17:59:00
1304,0.9101,0.9101,0.9101,0.9101,500,2022-06-09 18:00:00
1305,0.899999,0.9,0.899999,0.9,1752,2022-06-09 18:01:00
1306,0.9,0.9,0.9,0.9,750,2022-06-09 18:04:00
1307,0.9001,0.9099,0.9001,0.9099,5700,2022-06-09 18:05:00
1308,0.91,0.9185,0.9076,0.91,2600,2022-06-09 18:07:00
1309,0.91,0.91,0.91,0.91,100,2022-06-09 18:08:00
1310,0.91,0.9324,0.91,0.929049,2951,2022-06-09 18:10:00
1311,0.9381,0.9381,0.9381,0.9381,100,2022-06-09 18:12:00
1312,0.9257,0.94,0.9257,0.94,500,2022-06-09 18:13:00
1313,0.93714,0.93714,0.93714,0.93714,1100,2022-06-09 18:14:00
1314,0.94,0.94,0.94,0.94,1000,2022-06-09 18:15:00
1315,0.9371,0.9371,0.9108,0.9108,3315,2022-06-09 18:17:00
1316,0.9239,0.9239,0.9239,0.9239,100,2022-06-09 18:18:00
1317,0.9107,0.9107,0.9107,0.9107,100,2022-06-09 18:24:00
1318,0.9108,0.9108,0.905,0.905,2269,2022-06-09 18:28:00
1319,0.9151,0.9176,0.915,0.9151,7800,2022-06-09 18:39:00
1320,0.915,0.9175,0.9108,0.9109,5900,2022-06-09 18:45:00
1321,0.9108,0.9129,0.902,0.902,3197,2022-06-09 18:46:00
1322,0.905051,0.905051,0.905051,0.905051,1000,2022-06-09 18:49:00
1323,0.9081,0.9081,0.9081,0.9081,100,2022-06-09 18:52:00
1324,0.9099,0.9099,0.9096,0.9098,1300,2022-06-09 18:53:00
1325,0.9091,0.9096,0.905601,0.905601,760,2022-06-09 18:54:00
1326,0.908999,0.908999,0.9046,0.9046,1400,2022-06-09 18:57:00
1327,0.9001,0.9001,0.9001,0.9001,100,2022-06-09 18:58:00
1328,0.9001,0.9001,0.9001,0.9001,100,2022-06-09 19:04:00
1329,0.904599,0.904599,0.904599,0.904599,100,2022-06-09 19:07:00
1330,0.904599,0.904599,0.904599,0.904599,147,2022-06-09 19:08:00
1331,0.9001,0.9001,0.9001,0.9001,100,2022-06-09 19:09:00
1332,0.9001,0.9046,0.9001,0.9001,2400,2022-06-09 19:14:00
1333,0.9,0.9,0.9,0.9,100,2022-06-09 19:15:00
1334,0.9,0.9091,0.9,0.9046,2327,2022-06-09 19:17:00
1335,0.908999,0.908999,0.9,0.9046,3932,2022-06-09 19:20:00
1336,0.9015,0.9015,0.9,0.9015,3486,2022-06-09 19:25:00
1337,0.8988,0.8988,0.8874,0.8874,3700,2022-06-09 19:29:00
1338,0.8887,0.8894,0.8644,0.8644,3250,2022-06-09 19:30:00
1339,0.86,0.874999,0.86,0.874999,200,2022-06-09 19:32:00
1340,0.86,0.86,0.86,0.86,160,2022-06-09 19:34:00
1341,0.86,0.86,0.86,0.86,100,2022-06-09 19:36:00
1342,0.89,0.89,0.89,0.89,900,2022-06-09 19:37:00
1343,0.889999,0.889999,0.889999,0.889999,600,2022-06-09 19:38:00
1344,0.8601,0.8601,0.8601,0.8601,100,2022-06-09 19:40:00
1345,0.8601,0.8601,0.8601,0.8601,100,2022-06-09 19:44:00
1346,0.88,0.8899,0.8738,0.8899,4907,2022-06-09 19:45:00
1347,0.8601,0.8601,0.8601,0.8601,100,2022-06-09 19:48:00
1348,0.8601,0.8601,0.8601,0.8601,100,2022-06-09 19:50:00
1349,0.870049,0.870049,0.87,0.87,600,2022-06-09 19:51:00
1350,0.87005,0.8835,0.87,0.88,4920,2022-06-09 19:52:00
1351,0.8799,0.87995,0.8799,0.87995,800,2022-06-09 19:55:00
1352,0.8799,0.8799,0.8799,0.8799,100,2022-06-09 19:58:00
1353,0.8799,0.8799,0.8799,0.8799,100,2022-06-09 19:59:00
1354,0.88,0.88,0.88,0.88,373,2022-06-09 20:00:00
1355,0.8899,0.8899,0.8899,0.8899,100,2022-06-09 20:02:00
1356,0.88,0.88,0.88,0.88,1000,2022-06-09 21:27:00
1357,0.88,0.88,0.88,0.88,300,2022-06-09 21:57:00
1358,0.88,0.88,0.88,0.88,4800,2022-06-09 23:58:00
1359,0.89,0.89,0.89,0.89,881,2022-06-09 23:59:00
1360,0.89,0.89,0.89,0.89,476,2022-06-10 13:30:00
1361,0.8801,0.8801,0.8801,0.8801,1432,2022-06-10 13:32:00
1362,0.87,0.87,0.8511,0.8511,2181,2022-06-10 13:33:00
1363,0.850101,0.850101,0.8278,0.8278,5400,2022-06-10 13:34:00
1364,0.828,0.828,0.828,0.828,147,2022-06-10 13:42:00
1365,0.83385,0.83385,0.83385,0.83385,143,2022-06-10 13:46:00
1366,0.84,0.84,0.836863,0.836863,1456,2022-06-10 13:49:00
1367,0.8369,0.8369,0.8369,0.8369,500,2022-06-10 13:56:00
1368,0.8399,0.8399,0.8399,0.8399,1275,2022-06-10 13:58:00
1369,0.829999,0.829999,0.829999,0.829999,1000,2022-06-10 14:01:00
1370,0.83,0.83,0.83,0.83,1000,2022-06-10 14:18:00
1371,0.829999,0.829999,0.829999,0.829999,3800,2022-06-10 14:22:00
1372,0.84,0.8568,0.84,0.8568,3903,2022-06-10 15:03:00
1373,0.8522,0.8522,0.8522,0.8522,1200,2022-06-10 15:08:00
1374,0.8201,0.8201,0.8201,0.8201,2000,2022-06-10 15:25:00
1375,0.82,0.82,0.82,0.82,100,2022-06-10 15:41:00
1376,0.82,0.82,0.82,0.82,200,2022-06-10 15:42:00
1377,0.82,0.82,0.82,0.82,200,2022-06-10 15:45:00
1378,0.82,0.82,0.82,0.82,200,2022-06-10 15:47:00
1379,0.82,0.82,0.82,0.82,200,2022-06-10 15:50:00
1380,0.8274,0.8274,0.8274,0.8274,200,2022-06-10 15:52:00
1381,0.8274,0.8274,0.8274,0.8274,200,2022-06-10 15:55:00
1382,0.8274,0.8274,0.8274,0.8274,200,2022-06-10 15:58:00
1383,0.8536,0.8536,0.8536,0.8536,1000,2022-06-10 15:59:00
1384,0.8274,0.8274,0.8274,0.8274,200,2022-06-10 16:00:00
1385,0.8274,0.8274,0.8274,0.8274,200,2022-06-10 16:03:00
1386,0.8274,0.8274,0.8274,0.8274,200,2022-06-10 16:06:00
1387,0.8274,0.8274,0.8274,0.8274,200,2022-06-10 16:08:00
1388,0.8274,0.8274,0.8274,0.8274,200,2022-06-10 16:11:00
1389,0.8274,0.8274,0.8274,0.8274,200,2022-06-10 16:14:00
1390,0.8274,0.8274,0.8274,0.8274,200,2022-06-10 16:17:00
1391,0.8274,0.8274,0.8274,0.8274,200,2022-06-10 16:19:00
1392,0.8274,0.8274,0.8274,0.8274,200,2022-06-10 16:22:00
1393,0.8274,0.8274,0.8274,0.8274,200,2022-06-10 16:25:00
1394,0.8274,0.8274,0.8274,0.8274,199,2022-06-10 16:28:00
1395,0.8274,0.8274,0.8274,0.8274,200,2022-06-10 16:31:00
1396,0.8274,0.8274,0.8274,0.8274,200,2022-06-10 16:33:00
1397,0.8274,0.8274,0.8274,0.8274,200,2022-06-10 16:36:00
1398,0.8274,0.858205,0.8274,0.858205,372,2022-06-10 16:39:00
1399,0.8274,0.8274,0.8274,0.8274,200,2022-06-10 16:42:00
1400,0.8274,0.8274,0.8274,0.8274,200,2022-06-10 16:45:00
1401,0.8274,0.8274,0.8274,0.8274,200,2022-06-10 16:48:00
1402,0.8274,0.8274,0.8274,0.8274,200,2022-06-10 16:51:00
1403,0.8274,0.8274,0.8274,0.8274,199,2022-06-10 16:54:00
1404,0.8274,0.8274,0.8274,0.8274,200,2022-06-10 16:57:00
1405,0.82817,0.82817,0.8274,0.8274,1350,2022-06-10 17:00:00
1406,0.8274,0.8274,0.8274,0.8274,200,2022-06-10 17:03:00
1407,0.8274,0.8274,0.8274,0.8274,200,2022-06-10 17:06:00
1408,0.8798,0.8798,0.8798,0.8798,10000,2022-06-10 17:08:00
1409,0.8274,0.8301,0.8274,0.8301,2100,2022-06-10 17:10:00
1410,0.8274,0.8274,0.8274,0.8274,200,2022-06-10 17:11:00
1411,0.8274,0.8274,0.8274,0.8274,200,2022-06-10 17:14:00
1412,0.8687,0.8687,0.8687,0.8687,240,2022-06-10 17:15:00
1413,0.8472,0.8472,0.8472,0.8472,200,2022-06-10 17:17:00
1414,0.8474,0.8474,0.8474,0.8474,100,2022-06-10 17:20:00
1415,0.8474,0.8474,0.8474,0.8474,100,2022-06-10 17:21:00
1416,0.8474,0.847501,0.8474,0.847501,836,2022-06-10 17:23:00
1417,0.8474,0.8474,0.8474,0.8474,100,2022-06-10 17:24:00
1418,0.8474,0.8474,0.8474,0.8474,100,2022-06-10 17:26:00
1419,0.8474,0.8474,0.8474,0.8474,100,2022-06-10 17:27:00
1420,0.8474,0.8474,0.8474,0.8474,100,2022-06-10 17:29:00
1421,0.8474,0.8474,0.8474,0.8474,100,2022-06-10 17:30:00
1422,0.8474,0.8474,0.8474,0.8474,100,2022-06-10 17:32:00
1423,0.8474,0.8474,0.8474,0.8474,100,2022-06-10 17:33:00
1424,0.8474,0.8474,0.8474,0.8474,100,2022-06-10 17:35:00
1425,0.8474,0.8474,0.8474,0.8474,100,2022-06-10 17:36:00
1426,0.8474,0.8474,0.8373,0.8373,1555,2022-06-10 17:37:00
1427,0.8308,0.8308,0.8308,0.8308,100,2022-06-10 17:39:00
1428,0.8274,0.8274,0.8274,0.8274,100,2022-06-10 17:40:00
1429,0.8274,0.8275,0.8274,0.8275,1600,2022-06-10 17:42:00
1430,0.8274,0.8274,0.8274,0.8274,100,2022-06-10 17:43:00
1431,0.8274,0.8274,0.8274,0.8274,100,2022-06-10 17:45:00
1432,0.8274,0.8274,0.8274,0.8274,100,2022-06-10 17:46:00
1433,0.8274,0.8274,0.8274,0.8274,100,2022-06-10 17:48:00
1434,0.8274,0.8274,0.8274,0.8274,100,2022-06-10 17:49:00
1435,0.8274,0.8274,0.8274,0.8274,100,2022-06-10 17:51:00
1436,0.83,0.83,0.83,0.83,100,2022-06-10 17:52:00
1437,0.83,0.83,0.83,0.83,100,2022-06-10 17:53:00
1438,0.83,0.83,0.83,0.83,100,2022-06-10 17:55:00
1439,0.8715,0.8715,0.8499,0.8499,300,2022-06-10 17:56:00
1440,0.8499,0.8499,0.8499,0.8499,100,2022-06-10 17:58:00
1441,0.83,0.83,0.83,0.83,100,2022-06-10 17:59:00
1442,0.83,0.83,0.83,0.83,100,2022-06-10 18:01:00
1443,0.83,0.83,0.83,0.83,100,2022-06-10 18:02:00
1444,0.83,0.83,0.83,0.83,100,2022-06-10 18:03:00
1445,0.83,0.83,0.83,0.83,100,2022-06-10 18:05:00
1446,0.83,0.83,0.83,0.83,100,2022-06-10 18:06:00
1447,0.83,0.83,0.83,0.83,100,2022-06-10 18:07:00
1448,0.83,0.83,0.83,0.83,100,2022-06-10 18:09:00
1449,0.83,0.83,0.83,0.83,100,2022-06-10 18:10:00
1450,0.83,0.83,0.83,0.83,100,2022-06-10 18:11:00
1451,0.83,0.83,0.83,0.83,100,2022-06-10 18:13:00
1452,0.83,0.83,0.83,0.83,100,2022-06-10 18:14:00
1453,0.83,0.83,0.83,0.83,200,2022-06-10 18:17:00
1454,0.83,0.83,0.83,0.83,200,2022-06-10 18:20:00
1455,0.83,0.83,0.83,0.83,200,2022-06-10 18:22:00
1456,0.83,0.83,0.83,0.83,100,2022-06-10 18:23:00
1457,0.83,0.83,0.83,0.83,200,2022-06-10 18:25:00
1458,0.83,0.83,0.83,0.83,200,2022-06-10 18:28:00
1459,0.83,0.83,0.83,0.83,200,2022-06-10 18:31:00
1460,0.83,0.83,0.83,0.83,200,2022-06-10 18:33:00
1461,0.83,0.83,0.83,0.83,200,2022-06-10 18:36:00
1462,0.83,0.83,0.83,0.83,200,2022-06-10 18:39:00
1463,0.83,0.83,0.83,0.83,200,2022-06-10 18:41:00
1464,0.875,0.875,0.875,0.875,7600,2022-06-10 18:43:00
1465,0.8533,0.8533,0.8533,0.8533,200,2022-06-10 18:44:00
1466,0.8533,0.8533,0.8533,0.8533,200,2022-06-10 18:47:00
1467,0.8533,0.8533,0.8533,0.8533,200,2022-06-10 18:49:00
1468,0.8647,0.8647,0.8319,0.8319,1400,2022-06-10 18:51:00
1469,0.8319,0.8319,0.8319,0.8319,200,2022-06-10 18:52:00
1470,0.8319,0.8319,0.8319,0.8319,100,2022-06-10 18:53:00
1471,0.8319,0.8319,0.8319,0.8319,200,2022-06-10 18:54:00
1472,0.83,0.83,0.83,0.83,200,2022-06-10 18:57:00
1473,0.83,0.83,0.83,0.83,200,2022-06-10 19:00:00
1474,0.84,0.84,0.84,0.84,200,2022-06-10 19:02:00
1475,0.84,0.84,0.83,0.83,600,2022-06-10 19:04:00
1476,0.83,0.83,0.83,0.83,200,2022-06-10 19:06:00
1477,0.83,0.83,0.83,0.83,200,2022-06-10 19:09:00
1478,0.83,0.83,0.83,0.83,200,2022-06-10 19:11:00
1479,0.83,0.83,0.83,0.83,200,2022-06-10 19:13:00
1480,0.83,0.83,0.83,0.83,200,2022-06-10 19:15:00
1481,0.83,0.83,0.83,0.83,200,2022-06-10 19:17:00
1482,0.83,0.83,0.83,0.83,200,2022-06-10 19:19:00
1483,0.83,0.83,0.83,0.83,200,2022-06-10 19:22:00
1484,0.83,0.83,0.83,0.83,200,2022-06-10 19:24:00
1485,0.83,0.83,0.83,0.83,200,2022-06-10 19:26:00
1486,0.83,0.83,0.83,0.83,200,2022-06-10 19:27:00
1487,0.83,0.83,0.83,0.83,200,2022-06-10 19:29:00
1488,0.83,0.83,0.83,0.83,100,2022-06-10 19:30:00
1489,0.83,0.83,0.83,0.83,200,2022-06-10 19:31:00
1490,0.83,0.83,0.83,0.83,200,2022-06-10 19:33:00
1491,0.83,0.83,0.83,0.83,200,2022-06-10 19:34:00
1492,0.83,0.83,0.83,0.83,200,2022-06-10 19:36:00
1493,0.83,0.83,0.83,0.83,200,2022-06-10 19:37:00
1494,0.83,0.83,0.83,0.83,200,2022-06-10 19:39:00
1495,0.83,0.83,0.83,0.83,200,2022-06-10 19:40:00
1496,0.83,0.83,0.83,0.83,200,2022-06-10 19:42:00
1497,0.83,0.83,0.83,0.83,200,2022-06-10 19:43:00
1498,0.83,0.83,0.83,0.83,200,2022-06-10 19:44:00
1499,0.8274,0.8274,0.8274,0.8274,199,2022-06-10 19:45:00
1500,0.8274,0.8274,0.8274,0.8274,200,2022-06-10 19:46:00
1501,0.8274,0.8274,0.8274,0.8274,200,2022-06-10 19:47:00
1502,0.8387,0.8387,0.8387,0.8387,100,2022-06-10 19:48:00
1503,0.8274,0.8274,0.820101,0.820101,919,2022-06-10 19:49:00
1504,0.82,0.82,0.82,0.82,500,2022-06-10 19:50:00
1505,0.82,0.82,0.82,0.82,200,2022-06-10 19:51:00
1506,0.82,0.82,0.8106,0.8106,297,2022-06-10 19:52:00
1507,0.81,0.81,0.81,0.81,200,2022-06-10 19:53:00
1508,0.81,0.81,0.81,0.81,300,2022-06-10 19:54:00
1509,0.81,0.81,0.81,0.81,200,2022-06-10 19:55:00
1510,0.8024,0.8024,0.8024,0.8024,100,2022-06-10 19:58:00
1511,0.805993,0.81,0.8024,0.806771,800,2022-06-10 19:59:00
1512,0.8224,0.8224,0.8224,0.8224,419,2022-06-10 20:00:00
